2.807068782080941460e-01,-1.558778730097622578e+00,-2.179244807125533256e+00,3.603670960055144867e+00,-6.457088593290000178e-01,1.384560825749113488e-01,7.877576825376968461e-01,-5.432758881528845230e-01,5.310013307817197381e-01,-9.249102647833293833e-01,8.030231140999888328e-01,-8.856620382034244843e-01,1.055982634379331930e+00
-1.155196587887013515e-01,7.214129525842714052e-01,3.297940376662154560e-01,7.552989431532393105e-01,7.923635565072584264e-01,-1.115636674749793000e+00,1.517504537998109360e+00,-6.046766130740991452e-01,1.042053716459971024e+00,-1.096438829200300002e+00,9.347704221072654640e-01,-1.048126335964009614e+00,8.856804389061548877e-01
-7.353343776569269963e-01,1.119077323200411644e+00,-4.038171401658234849e-01,1.006666501770847155e+00,6.574670414024367249e-01,-9.456857479649288800e-01,1.063388174067684044e+00,-1.022697660265379005e+00,9.068412582100889852e-01,-1.261852153886455108e+00,1.109725275384472187e+00,-8.724216927640147112e-01,1.437606312867012903e+00
-1.795373247368207359e+00,1.488366059757415760e+00,-3.980028391389723863e-01,1.678271201413692237e+00,1.001325907214154487e+00,-5.077016462699731614e-01,1.030951859811159332e+00,-8.596484632680400084e-01,1.200069521473920542e+00,-1.157428935249757096e+00,1.162431535140962424e+00,-1.034021367800922686e+00,1.185109926119381152e+00
-1.515172350799138146e+00,-1.223197158107239391e+00,5.330508091465271936e-02,-6.171470174289278576e-01,-1.064276774861181885e+00,1.068160323286762581e-01,-6.179676515255180247e-01,6.623790144880126185e-01,-3.255180523199193710e-01,2.725386028930130156e-01,-3.604836917064804247e-01,2.701959281773658184e-01,3.971182736256228391e-02
1.455606788904412197e-01,-8.104936396519506481e-01,1.388382822781950798e+00,3.247862371463947628e-01,5.822680683707744942e-01,9.865668438817301045e-01,-5.001063004889393371e-01,1.059481331285783812e+00,-7.300683441210029656e-01,6.832823834348675796e-01,-9.871058582169081053e-01,7.339622211500764770e-01,-7.377834642611228455e-01
1.238504675737700955e+00,-8.802734565134673339e-01,9.841269564360787259e-01,6.935058152908846196e-01,-1.030927611995135829e+00,1.455710452035557712e+00,-1.170872854331974411e+00,1.818189357868758016e+00,-1.333867768462904779e+00,1.907242280650299104e+00,-1.284180027854217254e+00,2.014900729553331438e+00,-1.426224867843391086e+00
1.107010497047842934e+00,-3.240974396249067246e-01,5.981084536025299547e-02,1.236690298764181017e+00,-1.351929167412855737e+00,1.444448009887501660e+00,-1.221241677536888171e+00,1.431885791429378774e+00,-9.938958361417584708e-01,1.231185281401857123e+00,-1.113006712072725835e+00,1.451814223165460715e+00,-1.123221161326660944e+00
8.680078608831485187e-01,-8.214386497279916322e-01,5.307703601487996359e-01,-1.093786437774559417e+00,3.186182039523816623e-01,-4.153037691011132911e-03,-3.245923287269678048e-01,4.510272119057096019e-01,-2.194196739436000410e-01,3.948438756899089741e-01,-5.152457430000506600e-01,3.843590770799095724e-01,-8.501781579810460121e-01
5.930535001873074030e-01,-6.732248888779496232e-01,4.376880785154573239e-01,-2.699879426572628915e-01,3.950067196505029354e-01,-9.193849109593318358e-01,1.795894238417523880e-01,-6.153685930408874238e-01,2.603937830056179958e-01,-7.818961112428323146e-01,1.845557057787568789e-01,-5.979244112316091098e-01,1.947162322856147709e-01
2.791039525197810400e-01,-6.847376909793655431e-01,-1.933567969330772796e-01,6.719685688971231974e-01,6.416950647740216063e-01,-2.115608299820361804e+00,1.542865340557943686e-02,-1.055154155511708325e+00,7.204273745630463965e-01,-1.131738278954640631e+00,8.127827708951539387e-01,-8.071664666210909278e-01,9.118793582998481195e-01
-1.181041048436336366e-01,2.730067899998387948e-01,-7.194697217523672306e-01,4.797519136939197293e-01,1.066535109610570409e+00,-1.428198764373077800e+00,7.939694677966023795e-01,-8.048496625990233522e-01,9.719191805320406274e-01,-1.488885151314488287e+00,6.862624281259126491e-01,-9.256207373912541669e-01,9.408341851182729920e-01
-7.384766117934550289e-01,7.874135118689510326e-01,-1.569783200369899490e+00,-4.633919589097468261e-01,5.951921867907532526e-01,-1.115810617606346034e+00,6.829555671986817789e-01,-1.038440092218665622e+00,9.777120819595096490e-01,-1.641170406418186012e+00,4.954904660924272508e-01,-1.238770479720896711e+00,1.256876540300598144e+00
-1.795691117892388000e+00,1.350940853475555148e+00,-1.558294397298588763e+00,1.139306796411791778e+00,6.471760266856891874e-01,-1.147057647899482280e+00,6.867023371007797694e-01,-9.009280842321966132e-01,9.604174829814203784e-01,-1.405292950989495582e+00,1.025143463405652877e+00,-9.622864083610345176e-01,1.232277042476119577e+00
-1.492401277774140889e+00,-1.335145399360315288e+00,-3.358315372496686324e-01,-1.000295307731764449e+00,-1.312367978823207659e+00,-1.236102128379934495e-01,-7.987879120566132585e-01,3.219524258864285837e-01,-7.329024128501689939e-01,9.754607036036416767e-02,-5.771443505931294071e-01,7.379576623071323893e-02,-6.023090765918423517e-02
1.644781002753074872e-01,-9.057294626915585178e-01,1.222935451957808617e+00,-3.362784557596029678e-01,8.243708635817630082e-02,6.740534386938128453e-01,-7.125619077439515614e-01,8.022933188775871471e-01,-7.887096097415470242e-01,9.011198377994310560e-01,-7.924813453223913395e-01,8.466513742656218700e-01,-7.972405582809277691e-01
1.255015057672052681e+00,-8.766207615052948876e-01,8.560001262631782293e-01,4.243659663316159958e-01,-6.171175411696298019e-01,1.723461438859250405e+00,-1.005236473826833121e+00,2.051957498908654642e+00,-1.262337407597772687e+00,1.876701354389153531e+00,-1.480974665609936070e+00,1.600321639616205216e+00,-1.731070343528975597e+00
1.109760327923512868e+00,4.396380952750839066e-01,8.556692153967743186e-01,1.943623650498541577e+00,-1.049261985720833623e+00,1.151301630136216003e+00,-1.117978446506529888e+00,1.399182129920842454e+00,-1.167171329816801162e+00,1.184232065973401804e+00,-1.296264226295201771e+00,1.260692560835783071e+00,-1.290376961095542452e+00
8.697934208689880320e-01,-9.317125485395491014e-01,8.787743486299663953e-01,-6.394776806103684708e-01,5.802973356191039045e-01,3.327568616069064844e-01,2.070844330049076143e-01,8.225134270310950901e-01,8.905991399171336864e-02,7.718823666049595689e-01,-2.569026517754985917e-01,5.271996801942961941e-01,-5.659329841081530699e-01
5.967704734400681721e-01,3.843925624211188552e-01,1.283648290614582743e+00,6.772524851971928328e-01,1.492478652111144166e+00,-5.599033867777715168e-01,5.549834862925121515e-01,-2.262598933996166628e-01,6.394399509032449025e-01,-4.080789153527158430e-01,5.052993915329883068e-01,-3.145834271273836302e-01,2.327917968888297551e-01
2.843769770319334866e-01,1.677367455716620714e-01,2.072137981195924794e-01,2.872616928569486916e-01,1.499716713801112933e+00,-9.615937007863865071e-01,5.286008881597237252e-01,-7.317427134253555732e-01,1.367042260017113930e+00,-7.584307490427455445e-01,6.354884971073817557e-01,-9.643290892615158372e-01,7.637554227212827174e-01
-1.132555650916148987e-01,6.947005833206421066e-01,-2.640001601541686616e-01,5.735982474722142177e-01,1.505290437074532361e+00,-3.838817181734721085e-01,1.445072796321857700e+00,-5.779828716905456298e-01,1.340941212280508887e+00,-1.080211358042181713e+00,7.655229501561079397e-01,-9.105890734851728174e-01,1.123389024002381609e+00
-7.351351654503475164e-01,8.243056294241122295e-01,-8.884925855558357677e-01,4.277961566968876417e-01,8.493506042232531472e-01,-3.937674297324578188e-01,1.695778486776186034e+00,-5.841426603819759311e-01,1.294128984107077995e+00,-1.185317492250579141e+00,9.552850439621660694e-01,-1.118241717340207275e+00,1.213937717005037831e+00
-1.792199541551050768e+00,1.848178024476153425e+00,-6.121695498999928375e-01,1.037126039136737621e+00,5.284324401096723856e-01,-1.406288393714041352e-01,1.366194759821656612e+00,-6.110539632759730555e-01,1.206061957174074051e+00,-1.271819555342976749e+00,1.173226412936238194e+00,-1.039163997074508128e+00,1.289907905974456037e+00
-1.511925356211413884e+00,-1.125959403392009284e+00,-1.099834100071444692e-01,-1.122332433425436760e+00,-8.730138837943121066e-01,3.662646705188804530e-01,-6.664650639516183084e-01,4.830417348888245699e-01,-4.722059665585742194e-01,1.919891931581664546e-01,-5.527814265962331941e-01,1.076749466905789904e-01,2.572809149912827845e-02
1.430773634556527507e-01,-1.527706036087336017e+00,5.328020800691684045e-01,-8.611993151940313673e-01,-2.305041409018398491e-01,1.886202838528021897e-01,-1.068591870038015923e+00,6.690776125518357320e-01,-8.779448282799827696e-01,7.389648591530332267e-01,-9.295217641492874439e-01,8.681060225222081428e-01,-5.752992607678335535e-01
1.239094773833510077e+00,-1.115696353165223309e+00,3.591701823558257067e-01,2.417540787094887011e-01,-1.172220104725300915e+00,9.436906620619661679e-01,-2.063825410441984420e+00,1.221445763524023009e+00,-1.764209540425859091e+00,1.487030443910672295e+00,-1.698383469965284887e+00,1.712361190271805667e+00,-1.555052228504463452e+00
1.106148300751188529e+00,-2.223709333466157845e-01,1.955044206133759732e-01,1.422469060821158315e+00,-1.307436379401854198e+00,1.087979252388677098e+00,-1.477684562797505263e+00,1.013477538392960620e+00,-1.491388671399249022e+00,9.928576540610540846e-01,-1.413882801603832062e+00,9.767616335175368647e-01,-1.400414269891429919e+00
8.681305144297544185e-01,-8.990691991603151356e-01,9.308957700573368133e-01,-2.603814543994690256e-01,3.355242707970974569e-01,5.411034716632491526e-02,-2.958679806802749779e-01,1.732788853757590286e-01,-5.011840464254646577e-01,4.442641785335789129e-01,-3.324574899596631772e-01,6.188173131423605478e-01,-4.480261869791082874e-01
5.925255279994363633e-01,-2.023717358203216410e-01,1.203260887883124353e+00,4.588690541560057068e-01,4.404428506656082876e-01,-1.039563772544146891e+00,3.324078708208234034e-01,-5.485595452367365565e-01,4.969039747449826017e-01,-2.593676999373379921e-01,5.705748995746102725e-01,-4.142833682996736044e-01,2.821836234312861680e-01
2.803376246998328103e-01,2.004309290075659833e-01,-2.545814241126108102e-01,-8.227965199091463733e-01,3.596358720020192412e-01,-1.323522544738279461e+00,6.764681311832666522e-01,-9.121758439858760337e-01,9.611677114111341069e-01,-7.717206133054439476e-01,8.406689655533006178e-01,-9.148633328657836961e-01,7.938552668405968182e-01
-1.154627545524962717e-01,3.491273888802746139e-01,-5.932958905222203150e-01,-4.141390918998545945e-01,4.797974045753205519e-01,-1.256214086921418449e+00,7.164026019118602262e-01,-1.116053994772870706e+00,1.094787887370743729e+00,-8.472879255279996968e-01,1.042880750544999291e+00,-1.121828658351907926e+00,7.315270239643898442e-01
-7.321922302953034478e-01,3.376104960869985017e-01,-9.040832469113770919e-01,-7.109147505906804332e-02,-2.773569516804103019e-01,-1.177432909826235052e+00,9.812596993362109332e-01,-1.436059867489753117e+00,4.978745787430544079e-01,-1.463832129828167572e+00,1.011390285371627895e+00,-1.008796045409461106e+00,1.481339531501809859e+00
-1.788094206462515379e+00,8.535906821952939927e-01,-1.195483303003801234e+00,1.009233209890404659e+00,5.964278967475143967e-01,-7.457071028837131133e-01,1.054128575978672044e+00,-7.621103088514510349e-01,1.292509305396670083e+00,-9.568070525269201099e-01,1.215333312835192192e+00,-1.000308788419820294e+00,1.420494820169462047e+00
-1.494333759859046040e+00,-9.399521546406391925e-01,6.157251463943600456e-01,4.095038676345792439e-01,-4.398763133995169383e-01,4.079116849736253436e-01,-6.275740270109851915e-01,5.742995708514010422e-01,-2.449922710487997257e-01,5.465319477655967706e-01,-1.532316164256870838e-01,5.018064569055845636e-01,2.517488709103372080e-01
1.602938817091491830e-01,-1.317158263541818863e+00,1.074964390284691040e+00,1.702732157031271523e-02,6.050271345421905922e-01,1.130283773489306309e+00,-1.803663795769867573e-01,1.121569040639647685e+00,-7.933083928729577350e-01,8.202774920609967602e-01,-8.963074087379132582e-01,8.963149581783034225e-01,-4.853043021408879887e-01
1.252062044403208452e+00,-7.886627961256525987e-02,1.741013766616431369e+00,5.450545595873110827e-01,-1.416428203132009456e+00,1.166347532566709866e+00,-1.710161523427870645e+00,1.656564222424487864e+00,-1.305445384184408475e+00,1.714809057693835070e+00,-1.531996746421106614e+00,1.910972691814924795e+00,-1.450310973269036907e+00
1.107880052376345681e+00,-4.432412954850784015e-01,-3.288987316698080976e-01,4.968194655248659442e-01,-1.737975517336092901e+00,1.055213603780560172e+00,-1.296140302918547649e+00,1.245755710365759272e+00,-1.310526974159069269e+00,1.120296064994824592e+00,-1.293420359787432083e+00,1.165898705183399109e+00,-1.288358290978889098e+00
8.689524340626090249e-01,-8.268179281255109148e-01,8.931032896258533915e-01,-6.897258583554675138e-01,-8.191135230572067771e-02,-1.784937312673930687e-01,2.213370740256068517e-02,5.309440581636192258e-01,-2.501913337625458755e-01,6.358729771340388970e-01,-2.921686424854180175e-01,5.502225736895275388e-01,-5.909675666759364177e-01
5.941699737793022518e-01,1.091556240588620191e-01,9.824548608980786524e-01,-8.506848021062889120e-02,1.044577105017533425e+00,-4.745708829617087954e-01,6.925113083061498198e-01,-3.345593846552762374e-01,5.352670813239268632e-01,-4.033015329829735540e-01,3.418991148584519801e-01,-4.998357371471245925e-01,3.796748467954733641e-01
2.814178537258061330e-01,4.207684636436190284e-01,5.888936120741640190e-01,2.054358155276302111e-01,1.027458462852215648e+00,-7.361455246570739464e-01,1.156045459792467645e+00,-8.288772902062387926e-01,9.907501402358366294e-01,-6.188957496979959894e-01,9.221785443153333039e-01,-7.626502045679119934e-01,9.901193402326357029e-01
-1.159669939013134310e-01,6.337172483179551730e-01,4.911033436377397754e-01,8.772272981989147622e-01,8.576983015183546888e-01,-9.932137309665145519e-01,1.305872046364699557e+00,-8.442098595248478388e-01,1.028217382854087925e+00,-8.756980440361689100e-01,8.672464312461434233e-01,-1.043178332044409240e+00,1.024717136939256257e+00
-7.353825439488524962e-01,5.297129960182912489e-01,-9.224148028290475310e-01,-9.179431001020876835e-02,2.102404547245608196e-03,-1.318666737771504893e+00,9.013611072092798659e-01,-1.218346023479984996e+00,8.771767261191832921e-01,-1.111647565412102967e+00,1.166496590748497875e+00,-8.083402320119110751e-01,1.569134714499381689e+00
-1.791459647855955684e+00,1.484831714348429976e+00,-3.703307996679864322e-01,1.429329214987142160e+00,3.730687580032869821e-01,-6.587888140375136592e-01,1.014225524894817099e+00,-9.478280253861007809e-01,1.233450172886267016e+00,-1.000217501108693119e+00,1.117838493199257544e+00,-1.308242032342460837e+00,1.034581885767407172e+00
-1.512454424014868737e+00,-1.064672734488094408e+00,1.346479932598298457e-01,-4.543875068093951586e-01,-8.197726618275354982e-01,4.460759746399194925e-01,-2.683397940429448902e-01,5.970452552908683819e-01,-5.243238980602509258e-01,3.247812163395251139e-01,-4.064604864975401854e-01,7.403965635203983708e-02,-1.070146993042206812e-01
1.455813351131048095e-01,-1.063267276235092096e+00,1.049693127554717442e+00,-8.287299214150262161e-01,-8.257366488180203357e-01,2.586478329134880849e-01,-6.488055361983396940e-01,8.395204531618776223e-01,-7.486522840678276891e-01,8.137934240056543533e-01,-9.416446984760251659e-01,7.862328102782282224e-01,-8.179526820435144563e-01
1.238248640908187648e+00,-1.325324956065695448e+00,9.141670804854282739e-01,3.840877821003637616e-01,-1.322925483494913790e+00,1.096417514249448777e+00,-1.634029013797360541e+00,1.522912049571747639e+00,-1.561542191813728886e+00,1.561441557745286701e+00,-1.517555516965271911e+00,1.884622164437460112e+00,-1.714390555981600395e+00
1.106194865763879820e+00,-5.881356970285323005e-01,-2.443288723610612945e-01,1.038171294864070449e+00,-1.750427774614177645e+00,7.771992940362490998e-01,-1.649935358330637536e+00,8.669299145116055039e-01,-1.537947391045381584e+00,9.008404927636707304e-01,-1.391388982737208346e+00,1.341289622844223928e+00,-1.135899444936327107e+00
8.674989878627979989e-01,-1.250772918773133346e+00,4.740982402106351246e-01,-1.743663849427641299e-01,4.578558917627895686e-01,-4.065015599008865443e-01,-5.877069990859324911e-01,1.653342245389137766e-01,-4.471813387475875312e-01,4.147486710910169849e-01,-4.737331685252472169e-01,4.344452571116925732e-01,-5.564973896709303203e-01
5.931912883386387669e-01,8.514770817960053140e-02,6.282539271387762581e-01,-5.396550268549601403e-01,4.580068992335033506e-01,-8.269866419929341461e-01,2.367265550494407900e-01,-7.579275235080227269e-01,3.680390811739273627e-01,-4.194911869416100836e-01,4.750218537950287034e-01,-3.922941108096830165e-01,4.421083689518616744e-01
2.816766553850180710e-01,7.513931055078446608e-01,6.872836467712938324e-01,4.658627421703848692e-01,1.251090306764186533e+00,-7.347789859039612903e-01,7.768579917567943749e-01,-1.202477406593575049e+00,6.901722513222317001e-01,-9.570368505429320827e-01,9.785665564345663592e-01,-6.049901509514530318e-01,9.734169625845813245e-01
-1.143057940047456228e-01,9.219621019343645640e-01,-5.204453549446030891e-01,2.694841929479375314e-02,1.072609328367519099e+00,-4.835073774130936863e-01,1.168909664208874988e+00,-1.193895471323297208e+00,9.304749644846420642e-01,-1.090085535987137755e+00,1.134304402489707764e+00,-9.024078613836368223e-01,7.761277316896098011e-01
-7.307370323051222138e-01,2.221449193257436061e+00,-9.960236629616187054e-01,-1.186458262543972575e+00,-1.581044010030273617e-01,-6.352516184039443958e-01,8.124173771710145875e-01,-1.629044740528895474e+00,9.977786402048848258e-01,-1.046079754831499509e+00,1.213301814744668583e+00,-1.078179544685951896e+00,9.787561417510307615e-01
-1.786950578028023928e+00,2.725978973614549883e+00,-1.778315574153149115e+00,-1.245905364693616235e+00,-1.674456947196526213e-01,-4.245169883701449542e-01,7.142326077705819509e-01,-1.363520551602683151e+00,1.125105365037496918e+00,-7.709794281166651997e-01,1.347342538004377310e+00,-1.117280455392071659e+00,9.991440145866928857e-01
-1.489723300155048946e+00,-2.478880758745073687e-01,-4.250342139873960340e-02,-4.273023791991554798e-01,-2.067527062766549295e-01,8.752298793574946334e-01,-3.300366412595415189e-01,3.593305199512172865e-01,-5.573624570796846811e-01,5.688321393648754221e-01,-2.193528752344503785e-01,2.422010982682820945e-01,-5.294077155019476927e-02
1.630426586718966842e-01,-7.015108735760401393e-01,9.417865078183128569e-01,1.065845577594513455e-01,6.901412696967623717e-01,9.738178239128897351e-01,-4.258459336676440055e-01,1.010756899496762395e+00,-5.347582625310894899e-01,1.145943672449364570e+00,-7.915456026242960741e-01,7.918975012661043644e-01,-7.816337417296775891e-01
1.253151202098319539e+00,-2.328832480943487659e-01,6.297303992696406949e-01,-3.224174808298031492e-01,-9.735512669164230193e-01,1.997007371233227246e+00,-7.535983756213668894e-01,2.116306324474615419e+00,-1.061107114889735525e+00,2.058392465802641347e+00,-1.449631976951399448e+00,1.905374910209718831e+00,-1.303230928351804874e+00
1.108562928762623967e+00,-1.592826210893024952e-01,-3.746425580459233351e-01,6.877163607948809654e-01,-1.389560797659090241e+00,1.188893041319075250e+00,-1.579702350738516170e+00,7.932683972358892666e-01,-1.528284718766952599e+00,1.181077811568375768e+00,-1.069893497537447447e+00,1.383541800286224532e+00,-1.104670282896878630e+00
8.702788656224252906e-01,-1.016927802772566336e+00,5.878679347200882477e-01,-1.197104635696624175e+00,-4.111929369476682306e-01,-3.112057296140501861e-01,-4.613776736240840504e-01,4.469558840746390427e-02,-5.286600195631463439e-01,2.741825092502944150e-01,-7.518448850304495501e-01,3.334377951958988895e-01,-4.738121856564239121e-01
5.946970534656514928e-01,3.476758987104920373e-01,8.815898698711588377e-01,-6.147064877554410112e-01,6.736868853011122038e-01,-7.647086148589752330e-01,2.131448647739042634e-01,-7.005811110805653108e-01,4.676178937413177361e-01,-3.625864594887405201e-01,4.409516853984039586e-01,-4.335290719643905555e-01,2.871614301384806112e-01
2.824941068063586136e-01,4.955615155068578970e-01,1.357443112181559997e-01,-6.621314942875760057e-01,6.645386544638718362e-01,-9.922451949827529871e-01,7.949140452375595967e-01,-8.815122839515805442e-01,1.054125932671262866e+00,-7.483564829182425271e-01,9.673005690862708228e-01,-5.698638919505771838e-01,8.542113947767415727e-01
-1.147939287839918471e-01,7.167139702281286606e-01,1.490959972039083981e-01,1.044350232916651855e+00,1.109665687061444084e+00,-1.415798451061770269e+00,9.513859772765710376e-01,-9.393861159709151476e-01,1.305155352428078341e+00,-6.071105282814835968e-01,1.251564553736061791e+00,-6.251502909208019876e-01,1.302215637506908497e+00
-7.354417657251046680e-01,3.489671966423867761e-02,-1.262127626183036533e+00,-2.711635780286433817e-01,-5.284063348543476674e-02,-1.191409059793179459e+00,1.098356924324050965e+00,-9.110716024662555146e-01,1.288174463754322652e+00,-8.584983019348594313e-01,1.064936414508478757e+00,-1.461260424357905929e+00,6.268429207532405512e-01
-1.792879233043500609e+00,1.428301160688768778e+00,-7.006583748187106275e-01,1.008026332143088011e+00,-1.368782296127083742e-01,-1.180690791447881915e+00,9.009460085324486611e-01,-9.679876855896004662e-01,8.634802907263161575e-01,-1.253118439219448321e+00,1.089970082577294885e+00,-1.353119552739440845e+00,9.188715610917119747e-01
-1.511583382444511292e+00,-1.306216909874931664e+00,-2.041888596466899797e-01,-8.840965717743904939e-01,-8.261424824669484357e-01,3.113553362447111228e-01,-5.713255135408458196e-01,5.091116542528667521e-01,-4.908180075068384052e-01,3.125228299702879631e-01,-3.877222620154546218e-01,1.809330339714295410e-01,2.035258122590342597e-02
1.431196423501093218e-01,-9.821005512131489867e-01,1.262563316129509561e+00,-3.556915800915387837e-01,-4.467557522402515469e-01,3.956125789824126993e-01,-7.670676192040837282e-01,7.206557814152501074e-01,-9.164586207919448446e-01,6.511183839535897855e-01,-1.048476552996371103e+00,6.908584591456908841e-01,-9.004880824655561167e-01
1.236739059547281361e+00,-2.001609067464547587e-01,1.727180426368016608e+00,1.519277015622923610e+00,-2.993981005979288734e-01,1.546907097579224954e+00,-1.331379345651289237e+00,2.015070409409620567e+00,-1.198037431444375356e+00,1.773381176568460837e+00,-1.528201587381040172e+00,1.683804989481554326e+00,-1.775420533500438269e+00
1.104524552464126730e+00,-6.694287523533133388e-01,-2.201598105063118371e-01,8.812375883350792583e-01,-1.539570197323570033e+00,1.280392921461503297e+00,-1.017091851376314526e+00,1.472657067105138884e+00,-9.987335692186634084e-01,1.362164113697606815e+00,-1.193732583416905246e+00,1.232358171939363034e+00,-1.127007743191613898e+00
8.687906950972775766e-01,-7.643435157817646264e-01,1.019569384273874446e+00,1.220458822123963311e-02,4.510698835718134903e-01,-8.893036093509638917e-02,-3.809060312186163255e-02,6.502196498097425614e-01,-1.734843781743074242e-01,5.455594813122403020e-01,-2.875595893998977304e-01,6.914402770950504040e-01,-3.818918639983271968e-01
5.943529474929920564e-01,-1.749011422686516104e-01,7.108032042348880752e-01,-8.758432632225165992e-02,5.353670331609763355e-01,-8.337513364608669653e-01,6.309409330357450552e-01,-4.616001877098301898e-01,5.876485353970112291e-01,-3.091301018012804214e-01,3.693582884698552449e-01,-4.387324120623223855e-01,4.409601792507733542e-01
2.812803829742399619e-01,3.880700476748374372e-01,2.080805679087008864e-01,6.828649472192746712e-03,8.679081225367134556e-01,-1.092238735117058379e+00,8.980788670281774078e-01,-7.419843373192983593e-01,1.001760331710694230e+00,-7.527235281423049207e-01,9.542027797336654071e-01,-8.514029886280618520e-01,6.481591333399349120e-01
-1.163355331352220051e-01,1.003901065539588133e+00,7.553017497441234518e-01,1.199584382191057896e+00,1.334089592851181560e+00,-7.801568050232079443e-01,1.162151274454038097e+00,-1.032741974993172551e+00,1.070384346887893967e+00,-9.943736167307430929e-01,1.099383926762410146e+00,-1.025681810605270083e+00,7.836801451546075992e-01
-7.341343369168158439e-01,7.470397950999749792e-01,-2.006863192998456391e+00,-1.291712311104788791e+00,1.139956392771617866e+00,2.756319132138772554e-01,1.406593910468881603e+00,-1.217471509328062584e+00,1.108872257290841379e+00,-6.514709310076907123e-01,1.715094071889083471e+00,-6.626210010558959418e-01,1.416584780312467151e+00
-1.788209600069866623e+00,2.812541659352661316e+00,-2.414138681014998067e+00,-1.442133361107360123e+00,2.383924711051844447e+00,1.746672401719191470e+00,1.744889132240347251e+00,-1.269169301274845063e+00,9.199266147886014933e-01,-5.117735466617822082e-01,1.878221620729120245e+00,-1.074713499581425591e+00,6.027988444802436785e-01
-1.489026446349063226e+00,-5.635813275357414165e-01,-1.692740586698196381e+00,-2.111355382342388953e+00,9.721471554760447997e-01,2.123713571195479322e+00,-3.306505745826952558e-01,-8.372544520235164489e-02,-7.131880969464564624e-01,6.891621895040709322e-01,1.602172209617450382e-01,3.441392052939370449e-01,-2.976144915992338658e-01
1.639239920365939962e-01,-8.059214622677561835e-01,-2.501956666144146135e-01,-1.298009498664383976e+00,1.299417795142644660e+00,2.034438289171501157e+00,-5.086454126610733262e-01,3.479284149691232453e-01,-1.268192779149902805e+00,9.032108264343603476e-01,-5.513534272197698760e-01,8.068467592584888104e-01,-9.684514103076643510e-01
1.254143064745507408e+00,-4.607606040589004581e-01,-5.347348221372663080e-01,-1.658688107830112779e+00,-6.843771962261210318e-01,2.348962279533845177e+00,-1.556118520928425841e+00,9.593434813311922937e-01,-2.053769033820866063e+00,1.458413023211338588e+00,-1.488996888207823721e+00,1.554830552948959221e+00,-2.229731245160193609e+00
1.109207864322900861e+00,-5.855695603840035401e-01,-1.812884865095116593e+00,-1.522809427950462036e+00,-2.202674319218387744e+00,8.784130552575806217e-01,-2.016659973737928269e+00,7.880376474724464231e-01,-1.581631633560473649e+00,8.371052869797407370e-01,-1.551450603012272111e+00,8.437954572629164929e-01,-1.671843535785866308e+00
8.704659153176057540e-01,-8.487694685286930607e-01,-2.853366272052211827e-01,-1.862452890676288497e+00,-1.127345243814515119e-01,-2.104734770220408613e-01,-6.143551527387555167e-01,-5.923210997387448606e-02,-5.059884177608400257e-01,5.390986017082189941e-01,-4.200644119376436558e-01,3.518358099123646832e-01,-7.036577319782786333e-01
5.946229014919278688e-01,2.083368605473390200e-02,-2.274538035988252771e-01,-1.940463542637192562e+00,-3.529539604587053070e-01,-1.266637636823576551e+00,1.507012042141850083e-01,-6.453212624655345619e-01,2.880255478365458255e-01,-5.249923758001987517e-01,2.977615607880016446e-01,-6.683449942759288609e-01,1.930981580617516513e-01
2.812946945355078721e-01,2.403629886493174606e-01,-4.128998377699599209e-01,-9.220654871980270562e-01,5.539631842546399731e-01,-8.565100425670088002e-01,8.626859759233653779e-01,-9.670260631564656650e-01,8.425054844739956472e-01,-6.152462177837793034e-01,1.048042774296803037e+00,-9.397050408175403602e-01,4.831020296158434757e-01
-1.140770524289521914e-01,3.131077715395724770e-01,-5.933284137072347697e-01,-8.155577776337756823e-01,6.006363549685901360e-01,-7.635966427926093036e-01,1.224358727155737903e+00,-7.002936144302780441e-01,1.298321573155560626e+00,-9.240047422060760907e-01,8.916653377063589181e-01,-1.242117629821544167e+00,5.121885480721173334e-01
-7.310432361641896470e-01,1.027165953361776740e+00,-9.494225964387482675e-01,-3.793880021791287693e-01,1.295891616973960381e-01,-9.468963896658197932e-01,9.919214782153046306e-01,-1.092499876023713901e+00,1.033872150577449966e+00,-1.062346552311338677e+00,1.024783013428857803e+00,-1.103476735369360640e+00,1.102794110385629578e+00
-1.785924626354858713e+00,1.700241143430227808e+00,-5.231944234628060908e-01,1.530374910615938777e+00,6.833650585757743423e-01,-3.932304606334469099e-01,1.299689004695514960e+00,-8.519008473924085667e-01,1.259431843992780964e+00,-9.267191562517238523e-01,1.164665887420312407e+00,-1.302274962836633909e+00,1.032066789794797712e+00
-1.511018737942447565e+00,-1.018750970036052195e+00,3.645075740881886794e-01,-9.233436246770418965e-01,-1.658603246605212744e+00,7.138780356898502544e-02,-6.217400234059496933e-01,3.440675068396660818e-01,-6.324106354820413500e-01,1.805229073127109229e-01,-4.972807613633773438e-01,8.648441473185550232e-02,-8.702334923630263008e-02
1.431493892939254275e-01,-8.688160080679941943e-01,1.450623996739055066e+00,2.305775654661860671e-02,1.311952409394701036e-01,8.438589592299260422e-01,-3.880320788649960217e-01,9.988353535242743275e-01,-7.978012945247934251e-01,7.583488805011217027e-01,-9.568327766145799940e-01,7.043040902366820566e-01,-7.803863153977055322e-01
1.236132753469129986e+00,-3.827395809630160239e-01,1.749598116041926943e+00,1.682646553505237508e+00,-4.736668324322509949e-01,1.234989266392331864e+00,-1.519027661410158547e+00,1.814868646984511891e+00,-1.401648483920924226e+00,1.705143110910438686e+00,-1.397006615201182411e+00,1.903922983993462603e+00,-1.445202860943846979e+00
1.103709118820010548e+00,9.744421354894428067e-02,3.674836086949176961e-01,1.623230079649566449e+00,-1.050801082897995009e+00,1.556377934570077004e+00,-8.638723334869957693e-01,1.523062496687747736e+00,-1.010933983640087686e+00,1.344061133828218679e+00,-1.168369792066401569e+00,1.249190589631788972e+00,-1.216222279696585362e+00
8.674207005324797715e-01,-3.637929453270069002e-01,1.282172628811543147e+00,-5.837955666187530195e-03,3.545361871018100630e-01,2.193305135761403762e-02,-7.653681568730565099e-02,6.184333820043930174e-01,6.486326067796970019e-02,6.920417361913681065e-01,-3.213067270555473587e-01,6.190439586213588585e-01,-5.330514995948776313e-01
5.923592232229835108e-01,-1.481777710269138459e-01,1.002617536371643636e+00,6.740432275438953402e-01,8.534125082284911290e-01,-5.588824968443275587e-01,8.740805137891559662e-01,-6.784795454566998341e-02,9.399549838549249303e-01,-1.631244213953652045e-01,4.806068605776625535e-01,-4.228686949714389187e-01,3.703107649302924131e-01
2.798528709227485201e-01,2.710535272768324622e-01,1.512717445880056300e-01,-6.571065277001243432e-01,3.889634234405341395e-01,-9.699341475431264570e-01,1.312252240782007195e+00,-5.988598502201522011e-01,9.920704424526638476e-01,-9.100317778562178050e-01,9.331098736883393086e-01,-5.353771022970769122e-01,9.017191196996510172e-01
-1.151473828393525384e-01,1.578822963396352419e+00,-2.720678682284362049e-01,1.102292593601870568e-01,1.293494687137918930e+00,-9.848519875045332883e-01,6.368565061748763245e-01,-1.242121415209481494e+00,8.894814650036017012e-01,-1.333508869699790322e+00,6.523387534997976411e-01,-1.481008128802177692e+00,7.584745301597904943e-01
-7.299535496343146912e-01,1.971818778076091849e+00,-1.259859918730528827e+00,-9.306046835046435373e-01,3.809610531373593956e-01,-1.054921450179211018e+00,3.485066351201331902e-01,-1.544249181095448620e+00,8.677130239455583816e-01,-1.367822014490413851e+00,1.001888200940129536e+00,-9.880084329271440202e-01,1.194801565757956263e+00
-1.781414921895205117e+00,2.793294498863699626e+00,-1.483503398227108638e+00,6.116494263830896463e-03,1.048443622021506982e+00,1.324463721665735949e-01,1.106113631804007458e+00,-1.497375477420628487e+00,6.606351015920630676e-01,-1.357302090736308475e+00,9.882616426485559824e-01,-1.306029370073576334e+00,1.152085360718741347e+00
-1.487788687811645749e+00,-1.051952502522023325e+00,-9.144429474100027599e-01,-2.139936786920721090e+00,-1.570277164192861674e+00,4.564938533761434686e-02,-1.124141400977582528e+00,-1.503676069925498349e-01,-8.043506584212015698e-01,3.977481198510509630e-01,-1.080203994470790435e-01,4.155778200624630214e-01,-6.613784408723266672e-02
1.610076588603569780e-01,-8.168909134706950903e-01,1.033883336229989958e+00,-1.252804477799608351e+00,-9.070133094455705702e-01,3.527445012039954197e-01,-8.627366682384538521e-01,5.903083729913232158e-01,-1.049363306147420571e+00,5.911713882297719991e-01,-1.089968510657471024e+00,6.420395535525703634e-01,-8.730478954475656694e-01
1.251812550135539936e+00,-5.322806700510066547e-01,5.229217603737723596e-01,-2.652636895785594473e-01,-9.829055352577397153e-01,1.510081737336238739e+00,-1.382157461101532592e+00,1.626160427130209252e+00,-1.736449319178867245e+00,1.454964807407032934e+00,-1.837501383717322412e+00,1.278680890411119986e+00,-1.915808933267734382e+00
1.107691053165379635e+00,-3.569243185033120214e-01,-8.059061468804647188e-02,6.484879233720085567e-01,-1.832341411395654207e+00,1.176038308385283893e+00,-1.429191150319964132e+00,1.057640427953637996e+00,-1.414710604819896300e+00,9.326821026801477288e-01,-1.431816624231708968e+00,1.111032634985066547e+00,-1.306736710934835566e+00
3.679716966334820039e-01,5.645123799438206413e-01,-3.660962426022090099e+00,7.573977036124709405e-01,-3.373730589736681829e+00,1.866736007168907224e-02,-1.512270127547600040e+00,3.337797419194886428e-02,-1.088128393521949011e+00,3.423782927657072206e-02,-9.317229641888671310e-01,1.406401721177985564e-01,-8.178348280414048377e-01
