-9.120175210348826500e-01,-1.020628438560820195e+00,-2.474941529115326500e-01,1.676487111335307700e+00,4.734607093045127835e-01,7.206433688207395383e-01,1.604028009127827836e+00,-5.393471261628982605e-01,1.249464870313922393e+00,-1.800332174573166522e-01,1.776703381034932860e+00,-7.240732811212317044e-01,7.406971083028947023e-01
-2.127480401417387146e+00,-1.734052664174467462e-01,-5.365946806293983018e-01,1.426292089405461150e+00,8.606558239910124808e-01,-8.880284928249994325e-02,1.125082936685837476e+00,-5.977621404279777062e-01,1.575329320689529355e+00,-5.934734499559061183e-01,1.901099169419560253e+00,-2.682071739629764418e-01,9.812538748344022954e-01
-9.437239328381471504e-01,-1.174202331381223319e+00,3.217115025940515127e-01,3.867867240038176946e-01,1.149437248305596349e+00,8.193344887539032173e-02,-1.072109058560136052e+00,1.116979238692827670e+00,8.644771697957975842e-02,4.590429725568926922e-01,-1.147098846776894304e-01,1.373986098814412360e+00,-2.466036531263133547e-01
4.605601352621356281e-01,-9.142294642830199880e-01,-2.642305662963074231e-01,-1.246280845420798117e-01,1.338156444858433991e+00,-6.917243910478277913e-01,-1.997770754778367408e+00,1.500022691384456763e+00,-1.325011716808743578e-01,6.312938503016504166e-01,-6.292012044013920447e-01,2.253119550491762713e+00,-4.777639701876024714e-01
1.167773795469153608e+00,-4.143964114518002284e-01,-1.284020093394449447e+00,1.444012943685115236e+00,-9.597195666858482355e-01,2.052316399897323174e-01,-2.521241966153727088e+00,1.899705651201696766e+00,-1.122474738423928642e+00,1.433332994624912482e+00,-9.046689890229053788e-01,2.327106981932845819e+00,-1.240469532036157840e+00
1.013702644269435904e+00,2.772996446022633066e-01,-1.035389116988206126e+00,-1.189765463738688744e+00,1.934119725958302616e-01,-3.917944043172323365e-01,-1.910403565458367980e+00,6.085408387177403400e-01,-7.601358633169497114e-01,4.380228406840335209e-01,-7.178170305175606281e-01,1.875312194420436507e+00,-4.144552116211127069e-01
7.936785800259734680e-01,7.725748992248948621e-01,-1.137827969332573241e+00,-2.299120070734209875e+00,2.563253875271659932e-01,-5.322274817230622235e-01,-1.210693660095734314e+00,-3.372009249300780831e-01,-2.661296859134828496e-01,-8.499283866985644920e-02,-1.978750256341732794e-01,9.544043535643117471e-01,2.148247904623077909e-01
5.375697909621772741e-01,8.287032928495989825e-01,-1.493097746085379374e+00,-1.689676942473989474e+00,-5.299886075020733278e-01,-3.641039169499066253e-02,-4.162818347968971211e-01,-1.171606518573685030e+00,1.677997132219370413e-01,-7.097699525265749321e-01,4.783411771416609115e-01,4.477253806733039188e-02,1.217585235631728269e+00
2.214744157577307748e-01,9.300167320096931478e-01,-9.021893421724901385e-01,-1.690625956592949120e+00,-1.078948322804704485e-01,-9.402757847648583744e-02,5.422317614956142506e-01,-1.295752647307683025e+00,2.330871307567175255e-01,-1.227157124563598156e+00,5.401152862801956722e-01,-1.500792026853133565e-01,1.549889529648335040e+00
-2.102698732946081672e-01,6.269738629742912517e-01,-3.568380647894823787e-01,-9.210284783851416801e-01,8.334989894476153571e-01,2.400418592206393087e-01,1.086354134601546395e+00,-1.324771830119563898e+00,2.995653854022789497e-01,-1.558263631535217186e+00,8.695465064841836345e-01,-1.360493688394436018e-01,1.689566779916163552e+00
-9.136571833891760086e-01,-2.459891970338948797e-01,-7.953853596395609182e-01,4.733985054919208069e-01,1.665455725228259520e-01,3.215015853305817628e-01,1.283925355535653567e+00,-7.044852884666620296e-01,4.680091162073735656e-01,-1.170898921733054987e+00,1.152920897768874298e+00,-5.418679942718811482e-01,1.385858165524059604e+00
-2.132691197993906496e+00,2.864623822324935398e-01,-8.497316319130260309e-01,5.056284928620248253e-01,9.791850425015120596e-01,3.810364004740434130e-01,1.374694032969199231e+00,-1.074343973967841315e+00,5.078508362577665025e-01,-1.134671126181577394e+00,1.413091102990956749e+00,-3.790242603395388987e-01,1.705121605209829250e+00
-9.221832489568432267e-01,-1.468528285343515316e+00,2.202259734599541219e-01,-5.201394272325902124e-01,2.846270122397804303e-01,1.099509307526870261e+00,2.677476992568327274e-01,4.231120597279453555e-01,-7.894484985838724489e-01,6.148930910580346909e-01,-1.626405772663575833e-01,7.528139506330853159e-01,2.693177499038620568e-02
4.760831498899308345e-01,-1.175424239635614265e+00,-2.802294386503337842e-01,-1.277243598785840373e+00,1.230726506822398703e+00,1.634412610332921512e+00,-4.034960236131484024e-01,4.762851145908879036e-01,-8.786324876980872167e-01,1.056528684720196676e+00,-6.928014228312049383e-01,1.615005015635490704e+00,6.874597248686997730e-02
1.184582249281529220e+00,-7.551688260996882729e-01,-1.528701434254901459e+00,4.597513680745367037e-01,-7.149473718353526186e-01,2.493970725463606986e+00,-9.913461478333956967e-01,1.359153138910384806e+00,-1.700986272348777861e+00,1.565594666746103814e+00,-1.259883474685833171e+00,1.590279468617506353e+00,-1.013818149309482886e+00
1.017436628589584169e+00,-1.808761008520316793e-02,-3.816015972972220394e-01,-1.112351855890096219e+00,4.592648772209638186e-01,1.307843111159759264e+00,-7.162042711857137256e-01,3.429510706127704145e-01,-1.121593410698805027e+00,4.701304429238333804e-01,-1.198439719794409442e+00,1.071741064974438773e+00,-2.696516291732444226e-01
7.956683324377528121e-01,1.949530761173441096e-01,8.800693788164417469e-03,-1.191031456636580943e+00,4.361581051433974787e-01,3.894190143295025441e-01,1.629672330932813162e-01,-1.246108175210526997e-01,-4.743584560593336885e-01,-1.050905697940748146e-01,-6.983097417459253053e-01,4.199104312065536915e-01,3.753370678321609200e-01
5.375659306847561103e-01,2.480224506262014919e-02,-7.117268573414239352e-01,-8.171947007274804609e-02,3.006880637601915332e-02,6.130112649415900838e-01,7.185889601839257068e-01,-4.773133440695653262e-01,2.854945812399891647e-01,-7.912885582372463089e-01,9.399988129862814346e-02,-4.326621525751640496e-01,1.102409275427115309e+00
2.221351231586460029e-01,1.614585969469206350e-01,-3.669617788150608129e-01,2.887931873326457857e-03,2.745871699073983430e-01,-4.240506719706919059e-01,1.018992077910668037e+00,-4.055750173933750924e-01,8.157257861729310111e-01,-9.827895304811292698e-01,5.023101232215734235e-01,-5.706368120697012936e-01,1.178251255872160952e+00
-2.090972362772916537e-01,5.934564443903134895e-02,-5.279373721286670373e-02,-3.378518390273073657e-01,4.900333500067747261e-01,-9.124881013467106561e-01,6.314961276544036606e-01,-8.409875478168611362e-01,1.524401563620198408e+00,-6.721226341504100699e-01,6.042468155601886659e-01,-9.071750638791437060e-01,1.349913474015074666e+00
-9.123214083603218283e-01,-4.530239614093217737e-01,-4.349771706345694211e-01,7.726015296118596831e-01,-9.136618372080803610e-05,-1.108223046659811001e-01,1.104884482515346100e+00,-4.972286752750661454e-01,1.321047120113785001e+00,-2.770941687493393424e-01,1.306640692695165473e+00,-9.662055558240550956e-01,1.145280293065105148e+00
-2.126742373749199277e+00,-3.325665643571916741e-01,-3.197323298432946381e-01,1.162335231910686995e+00,5.789968560959688482e-01,-1.092637896324528679e-01,1.356227833813638872e+00,-7.346023468875474416e-01,1.418237798874789624e+00,-4.776257016521402998e-01,1.120819468173041011e+00,-1.283819655132061088e+00,1.191434054918593777e+00
-9.421076365244778206e-01,-1.501216243739441847e+00,9.696230395505499589e-01,4.721437455405299577e-01,3.438324037087421292e-01,5.166407086558357786e-01,9.956853486462471925e-02,1.030903312107365410e+00,2.861769112435396667e-01,1.451560635166621260e+00,-1.488964960921317516e-03,2.591984308883564236e-01,-5.635209058881652799e-01
4.611771052073256882e-01,-1.460995243776313179e+00,1.478574275212821476e+00,4.436691926345449066e-01,2.372599347073330034e-01,9.658286189935716415e-02,-5.128733070070912170e-01,1.163624720536801993e+00,3.356915912402324079e-03,1.799370747274248838e+00,-5.925888238588463697e-01,5.859843784187411808e-01,-1.397407053102112329e+00
1.165930107099461210e+00,-7.316667179992286663e-01,-2.553682979419050758e-01,1.740343635191780924e+00,-1.376252234791421447e+00,1.130870755614610257e+00,-1.429203583298048530e+00,1.654073830896550801e+00,-1.189128521542808681e+00,2.030590170656830562e+00,-8.465679567564938779e-01,1.417506581051281245e+00,-1.841019572729167608e+00
1.009368590511627639e+00,-1.939187333904578980e-01,6.709812322647619176e-01,3.778324141143648007e-01,-4.085519327208730345e-01,-6.767562256203335513e-01,-1.159349564661542820e+00,1.187380989267654119e+00,-1.008272325227443644e-01,1.097663594281699684e+00,-1.037960967349701891e+00,5.211341513577858464e-01,-1.433519153666403589e+00
7.923975556725998404e-01,6.174697807417210971e-01,2.995153319386592017e-01,-8.688728349069333445e-01,-9.857664459970527648e-02,-1.258194582108689286e+00,-1.030414693537728077e+00,3.810896339904841224e-01,5.216311630294259150e-01,1.033255347298868698e-01,-7.992614718150283792e-01,4.773586024378648901e-02,-4.996782611043357747e-01
5.380175673500887656e-01,9.562709094575039259e-01,-6.428637065732178968e-01,-5.790681055991108162e-01,-7.257975175588970984e-01,-9.045053250618330098e-01,-7.555605625167245432e-01,-8.103787728383282651e-01,5.996647705741685597e-01,-7.287014818700532359e-01,-1.211988844763875056e-01,-9.275592180171459145e-01,5.825580263051574059e-01
2.265343041552223546e-01,1.712300919887328687e+00,-8.340239157544444559e-01,-9.152598325742266061e-01,-2.071441103173605747e-01,-1.243918791072300634e+00,-1.720805782966663700e-01,-9.950741864032235373e-01,7.701604876103390618e-01,-1.336656564283323911e+00,-2.631848046843467404e-01,-1.158198280866147289e+00,1.057719603424065014e+00
-2.029345444578155855e-01,2.186883026304987876e+00,-1.452902147797930255e+00,-1.454318886828756430e+00,7.279601062219733798e-01,-1.089346473172171148e+00,-5.356825970523314967e-02,-1.405669782188206263e+00,5.648927466520982099e-01,-1.734822697889857990e+00,-1.065654229337093944e-01,-1.186555054382653740e+00,1.196702999134664047e+00
-9.048844419670371009e-01,1.698504713127718890e+00,-1.680079107503539726e+00,-3.559544636677113849e-01,4.621637371910465308e-01,-4.288110373967840561e-01,-1.530743748266789328e-01,-1.450563361173770272e+00,2.603432263797579305e-01,-1.723318026323385377e+00,8.283163652567204771e-02,-1.208128782698788317e+00,1.242929707728282152e+00
-2.126172851285498044e+00,1.838514756961761476e+00,-1.616416746980674723e+00,1.786373968011358837e-01,1.156523423098288816e+00,-6.695622310977016045e-02,4.452933889805878453e-01,-1.391316218438502617e+00,4.590583146383461766e-01,-1.769907291225830903e+00,2.318742116441111500e-01,-1.137468502785446978e+00,1.271809183444389868e+00
-9.201275706042395530e-01,-2.457594117561490432e-01,1.952212996558644609e-01,-3.807629366170430241e-01,1.253097278619370814e+00,1.266232886220681753e+00,-4.381231712917302845e-01,1.562985029910381185e-01,-9.617899352182850414e-01,1.098576612599165697e-01,-9.950634177004897829e-01,2.466305060180456754e-01,-3.339497480302554000e-01
4.766321805304734593e-01,-1.866278359451260249e-01,1.110049130357186664e+00,-7.265040050636250024e-01,8.359439274604946180e-01,1.282768311712353393e+00,-3.294723660067147009e-01,6.370174383143270003e-01,-1.230214098080065321e+00,7.043576657205877778e-01,-1.116974623973065350e+00,8.304783741664367724e-01,-8.410382894194174952e-01
1.184669635795570608e+00,-6.308219845864120323e-01,-9.011212389120908384e-01,1.246181986680190201e+00,-6.594026199736204852e-01,2.369321735061006073e+00,-7.770572792182114386e-01,1.560369197100460292e+00,-1.959652483501833853e+00,1.285801172058578468e+00,-1.340440150410156184e+00,1.410427699401418877e+00,-1.280666977619949742e+00
1.018640659964658690e+00,-8.655986299884059765e-01,-1.735939066521968166e-01,-2.744544076237682706e-01,5.134911608287777707e-01,1.489988605589268600e+00,3.941339837968453885e-01,9.884101711986305050e-01,-1.306796029626293931e+00,5.537078179723692317e-01,-1.020295092885060484e+00,7.127103168377143527e-01,-8.403934173015232822e-01
7.964223972188909650e-01,-1.000461758893606667e+00,-6.352291961703881995e-02,-5.643182393971137856e-01,5.522197050577185573e-01,7.240879770097413681e-01,4.834483207631057877e-01,-2.280030374455052355e-01,-3.413291229235984048e-01,6.262649504340599416e-01,9.036444376387900435e-02,3.709593944319589665e-01,-1.236657213044804887e-01
5.373080340968895419e-01,-1.218408947207260118e+00,-9.173500292451762794e-01,6.462399268035670108e-01,1.086005743963005046e-02,3.391869926371873234e-01,5.659110408046845730e-01,-8.003538233256919376e-01,4.122588676335141589e-01,9.780359152917580956e-02,1.108911980982919321e+00,-3.542083208131213690e-01,6.940137445536342931e-01
2.231045339050344023e-01,-1.055528714040038674e+00,-1.303884459810522589e+00,1.456762184652840020e-01,7.230043108817900688e-01,3.511969368044894346e-01,1.438895079407493505e+00,-4.245552089593354061e-01,1.346968461890537982e+00,-2.408956123812502903e-02,9.198797622890241277e-01,-7.414392309138185810e-01,1.197631237701294316e+00
-2.111107255103497893e-01,-1.245415507157273671e+00,-2.678157422132659615e+00,-4.973683407189311012e-01,1.942686943232687868e+00,6.606876388576072845e-01,1.803018759359679812e+00,-6.479339173048007661e-01,1.550761319700087348e+00,6.343382311570683330e-02,1.216909633847609307e+00,-7.590409325569706933e-01,1.662853124946995553e+00
-9.169157494491992910e-01,-1.154111914888257040e+00,-2.700112482142589254e+00,5.565551448219346192e-02,1.023384693780039489e+00,5.723620106878701819e-01,9.938777470448721951e-01,-7.187951208315713769e-01,1.558300741061024786e+00,2.224664151739630114e-01,1.686621986058230771e+00,-6.846469967425667935e-01,1.767286273660652940e+00
-2.135529461669562590e+00,-2.009233997264978644e-01,-2.605277880004322810e+00,-3.481968020530802899e-01,1.198131907879091962e+00,3.992126275152615977e-01,1.021996550202464382e+00,-1.049774649002562787e+00,1.268393624790196350e+00,-2.425321248739156221e-01,1.417790023503293195e+00,-1.115754675371625204e+00,1.324090622810248252e+00
-9.451935458263944767e-01,-5.308325133458114964e-01,1.220865457976487260e-02,-1.360158665479545448e+00,-9.267899795525466611e-02,5.540975113704590393e-01,-5.447738608785111097e-02,6.508464488796414926e-01,-2.555458361398404987e-01,1.147406843649289465e+00,-6.095383749370752308e-02,3.309090200457892039e-01,-5.723375190734016904e-01
4.605203265185621730e-01,5.480141428278738625e-01,1.268049123982923021e+00,-2.278220847423436890e+00,-1.168559710760435744e+00,-5.515334267593275941e-01,-6.698003654139335072e-01,7.853113563342343229e-01,-1.176053742720148287e+00,1.137347656835335563e+00,-4.374056929853379905e-01,8.575337816005796920e-01,-1.382910014169554946e+00
1.170260599319811190e+00,7.333391022721033048e-01,7.699999928614985334e-02,-1.530143970858688640e-01,-3.122248133734558895e+00,1.116292040703218552e-02,-1.708996437571942639e+00,1.360856715314772147e+00,-1.746379891209651980e+00,1.771279033461016006e+00,-9.445965543269155829e-01,1.208515172977918439e+00,-2.013718528047474088e+00
1.015157157046717495e+00,1.150619077082482899e+00,1.120572843098066151e+00,-2.036245487340508920e+00,-2.649414957005607363e+00,-1.345780056125744473e+00,-8.341285595453856727e-01,6.346271827171696689e-01,-8.120961436417835078e-01,1.250335519722534317e+00,-3.733779279975775189e-01,7.908834459366561598e-01,-1.427930815707754375e+00
7.953091197562962567e-01,1.246062911315588106e+00,1.402906206530392996e+00,-2.317352146107936495e+00,-2.626724849466467226e+00,-1.953238189113161605e+00,-9.344276289560315973e-02,1.481921628093518448e-02,7.001485673565448209e-02,1.043954526238632496e+00,4.281927036893524163e-01,6.943258225696244401e-02,-9.889255099756585343e-01
5.393455756062964790e-01,1.197676027532503573e+00,6.365608504957173119e-01,-7.769861047941225562e-01,-2.475018162646712483e+00,-2.162599577729507505e+00,-7.594956429326269465e-01,-8.814753228412861574e-01,9.175657570928819062e-01,4.528084203099550509e-01,1.258390777250978587e+00,-6.892781970859647167e-01,-3.739958367533755684e-02
2.252204456883866446e-01,1.832803880688224307e+00,6.725704385344168923e-01,-1.791237274208603125e+00,-2.075831507261082898e+00,-2.257821167802341655e+00,-3.610912951685325001e-01,-1.518945967276878806e+00,1.073761631079003909e+00,2.154371087803810259e-01,1.456301745837287109e+00,-9.678818012043964858e-01,2.431427948773156877e-01
-2.080505189968959723e-01,2.237450001261801713e+00,1.315648700918133462e+00,-1.589103516460275145e+00,-1.940765541637174296e+00,-2.605002309523971604e+00,-1.498311440155725704e-01,-1.616551282408361212e+00,1.268976676674649084e+00,-5.011511937279380241e-02,1.252974192253857089e+00,-1.343703542066958523e+00,1.402203623504496566e-01
-9.137070637779917126e-01,1.613747818710675297e+00,1.039118116959379945e+00,1.874098035199288081e-01,-1.817248278822730212e+00,-2.205156921353468746e+00,-4.353845050062957744e-01,-1.562130624558330627e+00,8.999724114700092814e-01,-2.858197503292516650e-01,1.326125077306857802e+00,-1.376293812213604140e+00,2.799119277419293006e-01
-2.135040533212802849e+00,2.002282623881506129e+00,1.310618266321962100e+00,-1.664939917450923845e-01,-1.752974136552085893e+00,-2.463052472780983493e+00,-8.931749986813208864e-02,-1.572798551527162525e+00,7.320844628813998334e-01,-6.375689087365123964e-01,1.206914647990216416e+00,-1.432941274351113847e+00,6.392485546616409886e-01
-9.212615717486636324e-01,1.265865832086721099e-01,2.292274909356321722e+00,-3.365516130975295672e-01,-1.477122435356091668e+00,-1.459507555159144099e+00,-1.105191902883162935e+00,3.878981265475860141e-02,-9.213731954773995980e-01,8.417526927920839785e-01,-1.685512670630787135e-01,8.835048214629734331e-02,-8.685237023165078840e-01
4.777767093440054569e-01,1.266497827124420383e-01,2.839427276717823911e+00,-4.931250762952378852e-01,-1.526720337290583540e+00,-1.515186165271958041e+00,-1.150863732226681480e+00,7.396727488877127277e-01,-8.922019497979049030e-01,1.208858087954126637e+00,-7.737815869178356065e-01,4.775360361233844664e-01,-1.689742926556774716e+00
1.185339525124814219e+00,-1.747680891952410609e-01,1.934484827976332699e-01,1.366654372554155339e+00,-2.007403904840382225e+00,5.746397165021307485e-01,-1.700232836385535684e+00,1.180906843914169224e+00,-1.799156233699612084e+00,1.824930326648056322e+00,-9.832094937253325062e-01,1.190283258819734957e+00,-1.949120222938558022e+00
1.018376370501138162e+00,-3.646357854037528545e-01,1.919370642493935852e+00,9.518169545851881130e-01,-9.077455600024469939e-01,-4.699255895710235942e-01,-6.946425112501369847e-01,5.290169319688557970e-01,-9.315892341991635073e-01,1.301303312527588574e+00,-5.428140637345643116e-01,3.522456558138377103e-01,-1.849503869502478803e+00
7.954275360703321196e-01,-5.166996742026945810e-01,1.765495858021447928e+00,5.054537474997590207e-01,-2.701936845060677883e-01,-5.048817839518831008e-01,2.846934301101364806e-01,1.277058029243852699e-01,-1.745794126603582019e-01,6.839475481782520960e-01,4.459083466337784157e-02,-2.623856776306517924e-01,-1.173643468111659871e+00
5.380952511559324858e-01,-6.701781349261357601e-01,1.267627975761524868e-03,6.506389833735636286e-01,-5.711697389926220225e-01,-7.967086916294856269e-02,7.726378243113110056e-01,-3.725026956340938833e-01,6.000399517569173780e-01,2.135858311271972843e-01,1.111360957225398405e+00,-8.031937150051773333e-01,-1.811540500948846111e-01
2.231432964516777140e-01,2.924198613117465206e-01,9.249587852443394986e-01,5.662988596124896024e-01,-1.381721608824370562e-01,-4.568709548943917786e-01,7.574720777335317567e-01,-1.136469055569430564e+00,6.939112424489893849e-01,-1.899318628508654128e-01,1.067529166536111518e+00,-1.378314514620649245e+00,-6.532243776307661287e-02
-2.128095213539989705e-01,9.520399785354126676e-01,3.974634120773707924e-01,-4.972164538534092071e-02,1.146680254861522474e+00,-6.182416448614822535e-01,2.786362395106848841e-02,-1.410402737440079379e+00,1.271272110244720865e+00,-8.491719387667054919e-01,3.442508239386726787e-01,-1.461028755902413545e+00,3.190379781935105963e-01
-9.167110365255846105e-01,9.324148720673625101e-01,-4.539802550476029763e-01,6.940097102544695584e-01,4.937475079389747612e-01,-5.302638566992311508e-01,-4.934776635284460755e-01,-1.473608758933090401e+00,9.788598823062854004e-01,-9.907537329114346480e-01,5.758673435160029941e-01,-1.337823818338733872e+00,3.405359326272471843e-01
-2.129154940719548250e+00,1.962060264603028514e+00,-7.315923829973179915e-01,-1.431018007788747437e-01,1.022076826207581002e+00,-3.540540782785004392e-01,-3.730237754754680557e-01,-1.762451937782655076e+00,8.358317173256294419e-01,-1.451661266439846498e+00,3.166956969895037832e-01,-1.347961333778278536e+00,4.911448709496000209e-01
-9.399139901316391210e-01,4.556786304152530276e-01,4.272223597959415309e-01,-9.716564405467721377e-01,4.896048157166043024e-01,3.809585222501145063e-01,-1.219933320753713968e+00,-5.165983024714793093e-01,-1.416361312383986659e+00,-3.595379175604850874e-01,-1.347456301116460420e+00,2.540266576598588788e-01,-6.396839639776820130e-01
4.628920002158981584e-01,7.699261622022843810e-01,4.610409776261905068e-01,-1.488306237161398426e+00,1.000091140310942261e+00,7.235675971897396197e-01,-1.236144651702498320e+00,1.240310761415406582e-01,-2.043195143030164918e+00,-5.024914911054297884e-01,-1.791831802875592849e+00,1.117614350188698147e+00,-9.456614919658419272e-01
1.168693164967464337e+00,3.093341833883027081e-01,-1.102529899596830010e+00,8.318226455203786562e-01,-7.313267483822264436e-01,1.645577104375480104e+00,-1.739152901658637340e+00,9.397203428149760729e-01,-2.697418287095404654e+00,3.073707468283635169e-01,-2.062590451488991228e+00,1.376967519654060723e+00,-1.597164893944007513e+00
1.012863600892724758e+00,3.849727089291595239e-01,-4.048591702414594540e-01,-9.660099170421273529e-01,7.145652724540776379e-01,1.085667358412675476e+00,-7.277692858477620153e-01,8.820621790984707333e-01,-1.302790382262675184e+00,-4.580571392740315217e-01,-1.736922113043046556e+00,1.140845119547664988e+00,-8.928712269346581465e-01
7.926355621467504609e-01,1.084176112147432064e-01,-3.229321753541518625e-01,-9.852326108970987928e-01,8.823429153748520992e-01,3.124962778832612864e-01,1.999571398086499308e-01,6.329470514469657250e-01,-3.164997032129567289e-01,-8.306455262146608121e-01,-1.188074656138414786e+00,2.743732806862776985e-01,-4.000146295164392907e-01
5.350446569465140412e-01,-2.756356129176041336e-01,-7.170886692701660126e-01,3.949254592515145101e-01,3.090534759409223342e-02,3.887626712628828862e-01,1.013875387987568599e+00,4.171664107975482649e-02,3.170168302828758611e-01,-9.349313919292917552e-01,1.628799881247915138e-01,-4.387985671315288161e-01,5.552212216749001783e-01
2.198676021563866212e-01,-2.274971833691620191e-02,-3.749483620857126387e-01,6.792470065652468636e-02,6.511100316852193037e-01,5.066088126417921389e-01,1.545529912461143462e+00,-4.315411332346993922e-01,6.889254898793737425e-01,-9.890381008880159142e-01,4.902041306684051247e-01,-6.227057177361433604e-01,1.138376600968032282e+00
-2.147565083891061488e-01,3.982717939837827625e-01,4.761152892354411081e-01,2.295267447550548290e-01,1.004173116651934539e+00,2.436593817351908817e-02,1.770923941101950172e+00,-4.055388124108303960e-01,7.528937584020184426e-01,-1.335871175293073421e+00,5.020091187295693258e-01,-8.769612361456740057e-01,1.083370230829501013e+00
-9.163532424827081080e-01,2.773576307071276559e-01,-6.981194999336944040e-02,1.135703965693786621e+00,3.348873956428209953e-01,3.955349293841291525e-01,1.840063691373408306e+00,-1.850698223712387083e-02,8.920917974782436310e-01,-1.298052552355938971e+00,5.226879674189995884e-01,-1.104434249157146830e+00,1.093431289791525707e+00
-2.136340154399687385e+00,1.149329266568139607e+00,-1.354150205086739611e-01,4.519702587118313852e-01,6.178373884649600578e-01,2.849417971553022122e-01,1.828233336919132590e+00,-1.014541965996264977e-01,1.069900072180066219e+00,-1.671161128045737687e+00,3.999418518628148345e-01,-1.272588560578098660e+00,1.050184427633674256e+00
-9.158744730842971471e-01,-2.010401603889940270e-01,8.891520076719333643e-01,-6.210857428288600879e-01,1.681876354540942642e-01,8.430062538994543830e-01,6.259541400154677859e-01,1.132561540280466739e+00,-1.078007694475658473e+00,-3.129039531585069422e-01,-9.885800342857288259e-01,3.783403858435437361e-01,-2.444712865746526409e-01
4.796208228548299313e-01,9.919779879219912944e-02,8.297207310851676398e-01,-1.367914699118614186e+00,2.745691544448492505e-01,7.794054967992816163e-01,1.517283746784416076e-01,1.487020318810544417e+00,-1.268476749976720885e+00,-1.136806530257518932e-01,-1.801419642538833354e+00,1.060284147293184542e+00,-5.153241608987276789e-01
1.185866872598327015e+00,1.073959132530176441e-01,-6.588226706601034710e-01,6.124303412884462006e-01,-1.212254829293897940e+00,1.852748034326596072e+00,-9.435602862770590127e-01,1.867225800367459332e+00,-1.893972248865353203e+00,7.436928789800593131e-01,-1.990027900399595318e+00,1.409781588965001609e+00,-1.143390103661771739e+00
1.018963403122407518e+00,2.177501180749740750e-01,2.708751683603682348e-01,-3.198287442562444127e-01,-3.308530872570006331e-02,2.145474173445142962e-01,-6.895473934451641362e-01,9.289032678794916231e-01,-1.091375950192936983e+00,-6.034219029159101216e-02,-1.709123576274174550e+00,9.686012107935089155e-01,-5.480153106404075380e-01
7.968400321681726739e-01,6.498530444833867936e-02,6.624562560729306826e-01,1.223939488359212513e-01,4.643755735968505549e-01,-4.715398588410295577e-01,7.302281127373391224e-03,5.476963227115299038e-01,-4.785271966777089880e-01,-7.309527767148448207e-01,-9.748984903522424084e-01,3.118795642210506203e-01,-1.752527978579049017e-01
5.371774441130242606e-01,-2.890101099912802379e-03,-6.409616162964970609e-02,1.033164841362753661e+00,1.696420055370842853e-02,-1.262363604533205674e-01,4.022122554135359462e-01,-4.570092320545969256e-01,9.717017256416630999e-02,-9.630119388013035353e-01,2.010029737942030104e-01,-5.064834041873844672e-01,6.843268341980561775e-01
2.220137974677247883e-01,2.865378902033205444e-01,2.970216157191659101e-01,7.381696142935840754e-01,3.054660871257302568e-01,-7.294141696384105478e-01,6.797800245617683368e-01,-4.857621380315276793e-01,6.988718005232683605e-01,-1.063720155595459849e+00,5.098982451235086755e-01,-9.507113295684990195e-01,4.188949180948584594e-01
-2.132592007891374597e-01,8.286549919298833444e-01,6.092481281974975182e-01,7.556936370276257087e-01,7.638678725790023494e-01,-1.073825132916361724e+00,9.739800158986173795e-01,-5.519258330182633676e-01,7.959666729695640264e-01,-1.495676775197471331e+00,3.391095307241767665e-01,-1.120610583668339988e+00,5.356778946566406185e-01
-9.183419901462731572e-01,6.886312379280562501e-01,2.712967506329210243e-01,1.456328093823470615e+00,2.514473805316124189e-01,-4.102452525512905734e-01,5.031552166232376999e-01,-9.498078816957562509e-01,4.808187142418086091e-01,-1.626685463197623749e+00,3.636214481628184947e-01,-1.147241378221860453e+00,8.906853098192377693e-01
-2.133347121258989176e+00,1.481686309884937325e+00,3.920904079303806355e-01,1.512669844437808386e+00,3.034744460695686791e-02,-1.511030437724428133e+00,5.402792565232176214e-01,-2.880272348221363243e-01,1.188268827115380288e+00,-1.797453482503247990e+00,3.267054951660161577e-01,-1.338283305546041246e+00,9.069694680910924678e-01
-9.407733001409580575e-01,1.386100451562017333e-01,1.196852079588027529e+00,7.273415046947177831e-02,-1.878241329265314119e-01,-7.867969217780419466e-01,-5.115792952604087951e-01,1.103239902880158496e+00,-7.805991961273575086e-01,-2.580170607885718947e-01,-1.125571210005986922e+00,3.464683891221794210e-01,-1.968665357146093808e-01
4.606977822692652769e-01,4.355496617833803374e-01,4.863462405115232534e-01,-9.862234349559872992e-01,1.465251879433929483e-01,-9.038263627957121571e-01,-1.262474827930510912e+00,1.612879171803799583e+00,-4.679338968600985083e-01,3.076965357395613498e-01,-1.686852635451821625e+00,7.364351284352280702e-01,-9.708549055215784929e-01
1.167075580645817290e+00,1.449890683021092530e-01,-1.038675404384284295e+00,7.545679486146519288e-01,-1.350756276022504698e+00,6.856133163389143137e-01,-1.698600083339359301e+00,2.207696357286840438e+00,-1.152642848348563342e+00,1.233512783629678866e+00,-1.698482158493331395e+00,1.274555753753195519e+00,-1.642610258328622619e+00
1.011835491323790581e+00,6.057046284122594160e-02,2.459290081104470171e-01,-2.314183349137498014e-01,-2.154069140578649955e-01,-7.162609436332412205e-01,-1.424212132305676892e+00,1.231865645754612881e+00,-4.841008912582849821e-01,2.847983207027998676e-01,-1.468795075826113461e+00,7.907793799555525860e-01,-9.922319845073643840e-01
7.908368891333276141e-01,-2.626168467271715601e-01,1.169535012654391748e+00,1.608156455518061356e-01,1.662782371031271134e-01,-6.312974013632046688e-01,-5.188554038455118755e-01,7.887789360920831327e-02,4.158297540959178529e-02,2.143668908030876841e-01,-4.466677881557392649e-01,1.262065631150064426e-01,-3.773562233003425748e-01
5.339950133528795773e-01,-4.463091811517414520e-01,1.251464585764631154e-01,1.150600625392004472e+00,-1.334703268426689904e-01,-2.559596787894037259e-02,3.872034406106624194e-01,-8.180905584768782823e-01,2.355248590191209856e-01,-1.815333039162526085e-01,7.447919438057392094e-01,-6.455390840322868806e-01,2.825373611829029574e-01
2.194560673696265285e-01,-4.430564481550647304e-01,6.184931580123703698e-01,1.381175108659599360e+00,7.149089287583568764e-01,3.568688305531174561e-03,8.219479984545978724e-01,-1.140633469345251783e+00,5.438045901016014261e-01,-5.917812594257221281e-01,6.096873725922857812e-01,-1.218015471896750634e+00,2.463551387176220742e-01
-2.166498558240864680e-01,-5.079021302218030831e-01,8.215980026897073962e-01,1.150371372236803191e+00,1.193333453759174434e+00,1.194159480395450001e-01,1.221648277306954355e+00,-1.057415447167914690e+00,9.235132600966268202e-01,-5.543035211844921095e-01,9.299168027483215582e-01,-1.381987414707886774e+00,2.401199138401731714e-01
-9.228177106195618595e-01,-8.086097047602867072e-01,-1.539536920369539985e-01,1.329173633499351359e+00,1.779631535084873761e-01,8.604994492766263048e-02,1.199482342906613486e+00,-6.414876306053985955e-01,1.166646516668295996e+00,-2.213907869486875790e-01,1.656698421164879198e+00,-8.001439743732825516e-01,7.276988789304453809e-01
-2.143206985890617311e+00,-5.645388743399665232e-01,2.853305895896614541e-01,1.598155373581460426e+00,3.962368421808443730e-01,-8.971877010212338244e-02,1.482072286995517851e+00,-8.513247033981954370e-01,1.223922377213167323e+00,-3.713431453423403084e-01,1.530726688110705780e+00,-1.128567882888106277e+00,7.843673861831924610e-01
-9.235147525807642088e-01,-1.888021027475085711e+00,1.214431034281231891e+00,4.871248815374315533e-01,4.289551199804714776e-01,9.293599621240149489e-01,3.397142689835653817e-01,7.095753852530329864e-01,-4.980950192657791487e-01,1.093274113864222352e+00,1.960555827013633623e-01,5.216343873129956066e-01,-6.873014388879939984e-01
4.771765679315074782e-01,-2.696346648104418708e+00,1.019427058295789168e+00,3.374515679479750396e-01,6.261945120612663063e-01,7.815430802580303205e-01,8.665259206836381511e-02,1.391208970511542686e+00,-3.146799740970365189e-01,1.780551395127514036e+00,4.969107141303510944e-02,1.216165212511550964e+00,-1.092593847784897321e+00
1.185967512644097388e+00,-1.460772667774083322e+00,-7.741948959061542013e-01,1.420207625919322147e+00,-1.186039298967273448e+00,1.770538854003589346e+00,-8.746314076925552072e-01,1.633409723310009554e+00,-1.475403699652741540e+00,2.155863624266904477e+00,-4.212301273131069390e-01,1.747345406514830168e+00,-1.405057839452341861e+00
1.019648517253801012e+00,-2.101974697550883064e+00,3.366903344948020682e-01,4.563629747644069590e-01,-1.149730416689601249e-02,9.613513146496850403e-01,2.990867711018661557e-01,1.159425495733900968e+00,-4.056681373291217696e-01,1.656462794062644184e+00,6.380824804335043232e-02,1.252501704884420031e+00,-8.086015353957546337e-01
7.982423749272872238e-01,-1.881700570042257770e+00,4.600065810762066221e-01,7.397053812643735737e-01,9.885555948630053713e-01,7.502086161080401272e-01,7.031517479306038654e-01,5.554331643271811503e-01,3.906719538078850529e-01,9.666605629845222980e-01,6.873577424909280698e-01,8.461543885725023584e-01,-2.551996083558958905e-01
5.385248148641188504e-01,-1.539424869327098211e+00,-9.002539247460576988e-01,6.128014080611839942e-01,-1.477948040331917290e-01,1.599738830408517776e-01,6.937028612765294699e-01,-3.524649728644176361e-01,6.900308393909846405e-01,2.405064728399708696e-01,1.292520090575093095e+00,-2.246419923741317382e-01,6.139905779948272579e-01
-2.512955545660068291e-01,-1.336739106357807128e+00,6.776640393067704382e-01,1.296434043559968385e+00,1.099916988652151151e+00,5.552684685100773843e-01,8.865154648530904069e-01,-3.930351719833382051e-01,1.116381280471705262e+00,-1.898427094852086217e-01,1.057625179082925637e+00,-3.865458056653058860e-01,9.222332809193912739e-01
