-7.590352782079633209e-02,4.473597880969579221e-01,-9.738371158138567907e-01,7.468483382040270735e-01,2.723508531370094410e+00,-1.421285516166908014e+00,-5.453926431975282541e-02,-7.573209091215387101e-01,9.429912803229751894e-01,-8.574234206373885225e-01,1.088739507259706363e+00,-1.042699622761036116e+00,-2.035720642273094183e-01
-5.171421941759084540e-01,1.643477028930077521e+00,-2.484486276188724307e+00,-7.595823647957563596e-01,1.770697379930388893e+00,-2.273873400200384420e+00,-1.029933191850236074e-01,-1.502467467540384405e+00,1.278804070254246694e+00,-6.931769809879562150e-01,1.366014212637499892e+00,-9.964095968586553775e-01,2.867738205427995402e-01
-1.224588261006617218e+00,2.049236775997459237e+00,-2.462324298947658363e+00,-2.871224592738969017e-01,8.978670266887684992e-01,-1.275965822393480220e+00,-1.984032966505927253e-01,-1.122868588540855583e+00,1.125320704871343835e+00,-8.661232804126777207e-01,1.306472210241728105e+00,-1.173880134787016472e+00,5.212674564906623065e-01
-2.398881485271050718e+00,2.333844715773806033e+00,-1.277297259850921796e+00,-5.875055894651912691e-01,-3.460076782458902933e-01,-4.268724976707646834e-01,5.592199552014800457e-01,-1.744586708981337386e+00,7.045364266620576243e-01,-6.102508776414053981e-01,1.282093248635455041e+00,-9.507893063877803641e-01,1.463249020588348825e+00
-5.686281543055006216e-01,-1.084306077577771976e+00,1.610680060189539242e+00,-9.548248636244871523e-01,4.478713813363887630e-01,7.704855552485928571e-01,-3.101918693143486672e-01,9.905095133289235632e-01,-4.293181797312434211e-01,9.319740173236026326e-01,-6.698506433992448272e-01,8.305063263152240305e-01,-4.297518166992504440e-01
6.746491044563205364e-01,-4.579585624640271080e-01,7.540071062115573097e-01,9.974927063994312726e-02,-6.803799118029232318e-01,7.255702531248928722e-01,-1.197658907962516395e+00,7.158300119457410293e-01,-1.313451823435198174e+00,9.478767558019449702e-01,-1.174841812774305883e+00,1.238321342027855820e+00,-9.627102510053889839e-01
1.134206417979063630e+00,3.502671077721788290e-02,-3.456449602267158694e-01,1.123871211703111106e+00,-2.187215530312482059e+00,1.675979601757607185e+00,-1.831339795811120608e+00,1.886198351433653997e+00,-1.642797269895188927e+00,1.640241970445081909e+00,-1.457450810076800440e+00,1.715465281194597180e+00,-1.541400788608133787e+00
9.119635813640325495e-01,-8.573640758197231815e-01,1.220702397150932317e+00,3.088485708269848584e-01,2.085720360179967037e-01,7.925878871235108036e-01,-4.302808960345628764e-01,8.531093725121506877e-01,-7.050918517584010559e-01,1.075460806624811694e+00,-8.264280052396374421e-01,1.110416903222583462e+00,-1.003777123353911671e+00
6.339224176537464617e-01,-3.159901376347584723e-01,7.420642182858659952e-01,2.421423867896900506e-01,3.966773334524462125e-01,-3.399025465984242267e-01,-4.112271526951004341e-03,-1.412434111892955646e-01,-2.681677610999514405e-01,-3.615315460888966076e-02,-3.582288667996643139e-01,1.241313739481733347e-01,-3.850541777150616740e-01
3.328965488981251997e-01,3.715513185637176474e-01,-1.572671257071256989e-01,5.561539572830709321e-01,-5.490092169740848904e-01,-8.933117590053543111e-01,5.913757132681088380e-02,-8.952274569563334339e-01,3.550670322684814639e-01,-6.725523573082828888e-01,6.081981100480006175e-01,-6.325268227580103098e-01,5.063238960065079564e-01
-2.637313409846449384e-03,1.341803260562176026e-01,-7.585528182194609670e-01,1.621886226372716067e+00,2.015908332298353756e+00,-1.418616963787220131e+00,1.571088493994354796e-01,-5.323268159216578699e-01,9.552210636020596057e-01,-1.566495677103233675e+00,7.227473264893872207e-01,-6.070916934569799972e-01,6.674004583040957783e-01
-4.529953894068028952e-01,-2.028024412726779357e-01,-1.002535959153199263e+00,2.194474786573037406e+00,2.301051525654049357e+00,-1.954509953001889233e+00,3.065439559420689020e-01,-7.115869123689225750e-01,1.244501144276155324e+00,-1.836841337197856472e+00,9.808836376881673313e-01,-2.875271423948543847e-01,7.794058759168277506e-01
-1.159865938589653922e+00,1.234318500501500493e+00,-1.161519742682183276e+00,9.921586395872291630e-01,7.737438051168351594e-01,-1.303521145929494418e+00,2.427965980766088605e-01,-8.025656804773964037e-01,1.232891417811242452e+00,-1.120335769045894825e+00,1.111890243556548974e+00,-6.068761092130112722e-01,9.232864520140031672e-01
-2.327079607677981166e+00,1.593383931604172910e+00,-1.893828567201876201e-01,1.103523949721384678e+00,4.198125289477400712e-01,-4.331485419513026458e-01,7.832055913164368555e-01,-7.590371615802519178e-01,1.116512093604962397e+00,-1.036811699884574667e+00,1.072721233040713207e+00,-6.438352368232214129e-01,1.099781872188490883e+00
-5.870931120735775055e-01,-1.928879716943217248e+00,1.822206230390789106e+00,-2.221770938880545665e-01,7.620121860052032625e-01,6.207935850384636023e-01,-6.542424837587762498e-01,5.890835887168308638e-01,-7.422411952088198150e-01,7.094482202057843523e-01,-6.318043792626693023e-01,8.987954318735701387e-01,-4.816846964814675558e-01
6.640185520553762988e-01,-7.759156362618158109e-01,4.343309168954846422e-01,3.821369216024211868e-02,-9.770023076846180432e-01,5.021011832143154052e-01,-1.366605305235576440e+00,6.011920975575358872e-01,-1.297064520785056407e+00,9.767212371601766696e-01,-1.185963937548356606e+00,9.557044968273177288e-01,-1.116999763703573345e+00
1.153184642667641535e+00,-1.033467538010024306e-01,-4.136377403839509581e-01,1.317034849365311455e+00,-2.062616433841625518e+00,1.535804143420923529e+00,-2.085717787940642776e+00,1.688116799378686972e+00,-1.741151088024043725e+00,1.473876638236772729e+00,-1.587387846554483506e+00,1.530862836482503431e+00,-1.771358515873317607e+00
9.611146300558013333e-01,-1.266441435411260752e+00,9.900088141161660360e-01,1.244955342583233260e-01,-2.673884044469407653e-02,1.182252804637657501e-01,-5.421144572128459016e-01,9.109260317934437801e-01,-8.774516163022502147e-01,9.111574799707787831e-01,-8.288352157159394329e-01,1.100187576509831011e+00,-1.037018829495155225e+00
6.909824040771989084e-01,-9.220020110542528902e-02,9.246558122795465184e-01,-5.651556176349237237e-02,2.458684089549285634e-01,-3.832503053211880895e-01,1.145531890270814479e-01,-3.456753869763470877e-01,-4.909290011578449908e-01,5.236589294821182052e-03,-3.864421822368150905e-01,7.179138685196518287e-03,-5.794863724358374490e-01
3.910009546437209771e-01,2.393342786416180201e-01,-1.278697727902866621e-01,6.507498877379053193e-01,-4.729302774339093074e-01,-7.324045137098911251e-01,2.313853052891003126e-01,-8.570529423223773868e-01,3.390737155718214213e-01,-7.216526234963603903e-01,5.250940832393032887e-01,-7.611226557058993203e-01,2.857706421236697047e-01
5.362459898246346029e-02,2.218323443939085038e-01,4.480202715789037837e-01,6.495552035198146612e-01,7.900153462868942933e-01,-1.085633402702398387e+00,8.407243861853522793e-01,-9.596187404543418120e-01,7.685951074620928081e-01,-7.988458564366346382e-01,8.181477480131063018e-01,-1.081329629826921490e+00,3.966831443267936907e-01
-3.982211908681387857e-01,4.547270943164725687e-01,4.340643888739472711e-01,3.976899694235134231e-01,7.845968181065202662e-01,-1.186585208551426129e+00,1.020664621527287652e+00,-1.395136603798726060e+00,8.943791638908972219e-01,-1.247485346531560735e+00,1.056384953645407299e+00,-7.253396540360109723e-01,8.922380147379576076e-01
-1.107284184676459837e+00,9.175456201054885685e-01,3.404044015684312002e-02,9.452457853736682125e-01,1.307611494106756533e-01,-6.254227721602095835e-01,8.136522773474759163e-01,-1.127416745787259700e+00,7.810453965774930563e-01,-1.090594997043885961e+00,1.218803980308314827e+00,-1.027920307313473502e+00,1.117849021314243130e+00
-2.281602719881316688e+00,1.123895935017263037e+00,-3.057619938303093865e-01,1.269196785924564974e+00,4.871637806647019509e-02,-5.150990627789286957e-01,1.220342235624468197e+00,-7.993834721910874075e-01,1.017409737608998777e+00,-9.658802095034987323e-01,1.333429774311315041e+00,-8.806580973529783973e-01,1.429239236232290322e+00
-5.508361069757757855e-01,-1.893332471235416925e+00,2.257620744225091070e+00,6.606678782451420595e-01,1.217341770239065868e+00,9.874728771395011595e-01,-6.517843162576715532e-02,9.683917904599983473e-01,-7.040422790938061226e-01,8.140142101406299124e-01,-6.402249038975652562e-01,6.811729620135664742e-01,-5.424694071497776493e-01
6.813337812900361889e-01,-5.325638249755894060e-01,6.044199044501584739e-01,1.723431965013202949e-01,-7.872667026806725588e-01,7.781073205253822289e-01,-1.208390300309905685e+00,7.703962220891988899e-01,-1.187838025574857514e+00,1.139832539959330759e+00,-1.013371591742667333e+00,1.190924873579665588e+00,-9.375907001944561170e-01
1.173080617462689323e+00,-1.941789543016969044e-01,-4.157834314583266355e-01,1.054787520244105936e+00,-2.138955379989559091e+00,1.620659560238434382e+00,-2.212156361026855311e+00,1.538831602010577670e+00,-1.717054507482006498e+00,1.597215250540914067e+00,-1.432894837788706743e+00,1.609212259228067765e+00,-1.577027672911040179e+00
9.933983679294929869e-01,-9.565725606336742404e-01,1.043946681163899770e+00,-7.419979240694517253e-02,1.350116813673679084e-01,2.260280870123044517e-01,-8.351408941641206285e-01,7.437698084128563369e-01,-9.753567003493477383e-01,8.935151070080887825e-01,-7.966858118454125393e-01,9.658496761741265368e-01,-1.153487289644359537e+00
7.382534298541042483e-01,-5.120924716609102090e-01,6.553163582050869351e-01,-1.278576854926031514e-01,1.928700788845008618e-02,-3.605030113523089441e-01,-1.998759348907493127e-02,-3.581570348683327243e-01,-2.770593774377972385e-01,2.214271617700862560e-01,-2.401269200650641422e-01,3.379655342747446816e-03,-5.423664345836830547e-01
4.364161438917320002e-01,3.690167173588465022e-01,-1.595504877472450622e-01,4.183961261854584057e-01,-4.524171331491567694e-01,-5.962927562977727858e-01,2.159506268807224738e-01,-7.520337160669706700e-01,3.455387112826940887e-01,-8.603246084019388062e-01,4.313750498672223044e-01,-9.432243671701633358e-01,2.938141392504328153e-01
9.862448093423210882e-02,1.046029248537265893e-01,5.108278150813848617e-01,5.075409877498641142e-01,4.544852038297373942e-01,-6.361483218465596723e-01,1.276290013615165808e+00,-6.512967665389490790e-01,8.640063320741860897e-01,-9.540420374806515280e-01,6.996076570428075847e-01,-1.007911788754944915e+00,6.992304525628879608e-01
-3.535112742192390578e-01,6.469023004244908170e-01,4.866099186727305126e-01,1.720283564346035132e-01,6.036648195598786071e-01,-1.362763650815825844e+00,1.166925979002706892e+00,-1.401231536285306722e+00,7.267160126485574523e-01,-1.263100683790789880e+00,1.194825883290272950e+00,-7.206298041583696357e-01,7.476162835084637637e-01
-1.061256808641470650e+00,5.459897831596486339e-01,-4.949275140182872179e-01,5.676580650967651964e-01,-4.891178093472146188e-02,-8.004921032379310741e-01,6.297108975497108796e-01,-1.494124696941689701e+00,8.147136711396004705e-01,-1.108643708969550445e+00,1.065721361497429909e+00,-9.355515131924698746e-01,1.284848631744061942e+00
-2.229481164483631428e+00,8.172275873838555915e-01,-6.741763875617032831e-01,8.724246303018512450e-01,-1.502302833166460905e-01,-1.245695566667198273e+00,6.641552426420564981e-01,-1.167429254721482623e+00,9.102804747159519705e-01,-8.818431022468954383e-01,1.359714303424033766e+00,-8.530368104218560843e-01,1.431895025162146062e+00
-5.704694865869479603e-01,-1.934429916665162619e+00,1.879463238170997252e+00,-1.580714478068707685e-01,6.200395394119897485e-01,5.641602464013523166e-01,-3.139389881730814125e-01,5.571557485407355736e-01,-8.382788463704978765e-01,7.736002564967970896e-01,-6.938888792783828308e-01,7.913129712836035612e-01,-5.362826286255456543e-01
6.629369199935861712e-01,-1.061448702053690019e+00,4.107586344190230498e-01,-5.678745895552964051e-02,-7.876042794290494253e-01,5.252338099456452802e-01,-1.108424756628623831e+00,7.946761679285146984e-01,-1.250247742548322716e+00,1.078703279645844670e+00,-8.844916723875030362e-01,1.203658425329029225e+00,-1.313863936589517056e+00
1.163768853241873069e+00,-3.987480446537550738e-01,-5.336499971094303962e-01,8.952996303082900731e-01,-2.006592223457224655e+00,1.808001873769994328e+00,-2.313202038967423047e+00,1.379108681613240295e+00,-1.699731342583191918e+00,1.496995989918017411e+00,-1.513784692371313634e+00,1.720700199496283167e+00,-1.621922106410446540e+00
1.006349532698437077e+00,-1.725096090601875742e+00,6.357391803752149295e-01,-5.874610202268130132e-01,-4.066366471382800163e-01,-3.148743564783162367e-03,-7.069649768240817700e-01,8.818992841353714418e-01,-6.330525432223927940e-01,1.068817008914504152e+00,-8.041944921818231506e-01,1.225699076957002864e+00,-7.723010076690322023e-01
7.729393733307777792e-01,-4.410860514877127936e-01,5.809774112307427574e-01,-5.443229235213399297e-01,-1.749526412834832845e-01,-3.858897064477908034e-01,8.675415020851949197e-03,-8.666087178022298387e-02,-2.900707412188254231e-01,1.447656968047942305e-01,-1.810073610762522323e-01,1.518393274113937486e-01,-2.274502048180420399e-01
4.792721933383656263e-01,-1.495159634924136949e-01,-4.618382298007303044e-01,-1.731342453062635969e-02,-8.463906104083075421e-01,-8.292820871544576145e-01,1.498363046986825667e-02,-8.771600775688195295e-01,4.747042948480318381e-01,-6.005922120199610470e-01,5.708736446951445664e-01,-6.004884158975447583e-01,7.345858418889773533e-01
1.404252657056393183e-01,9.731232876604309356e-02,3.542621866921796814e-01,4.677916531124461375e-01,6.224041258985267833e-01,-5.833846311697834519e-01,1.126330586158293734e+00,-6.337167948226832825e-01,8.288671578774140514e-01,-9.051097812640084284e-01,9.500402473986307994e-01,-7.822725984838340141e-01,7.825420374435836379e-01
-3.105826523587985610e-01,1.663385248988261123e-01,7.044196981420294268e-01,7.593320934599310235e-01,1.043529247275442939e+00,-1.209170742489118711e+00,1.422521059594639592e+00,-1.235865942254669170e+00,8.426268197725192977e-01,-7.145247331758944886e-01,1.472705307939615738e+00,-7.289953822615045098e-01,9.087027298990389967e-01
-1.019028821780515459e+00,1.041681603943156675e+00,1.734625363667345946e-02,1.161502937478094966e+00,3.471370149216090328e-01,-5.149588819964157071e-01,9.592101065488641831e-01,-1.109745167037749392e+00,7.745013963694702408e-01,-9.986110203547882147e-01,1.223837093111612928e+00,-1.086971386975866150e+00,1.140662876498116818e+00
-2.196195312151135504e+00,9.770635153353685043e-01,-5.225810380315862869e-01,1.199645759992524319e+00,4.474767749874966061e-01,-6.260526694675651038e-01,9.708463952575391298e-01,-8.323939695230175850e-01,1.128246134008149104e+00,-6.438802456262263663e-01,1.376610680310232260e+00,-1.096019429353753294e+00,1.383611439881586191e+00
-5.381532233335840631e-01,-1.697757419865481454e+00,1.906923730235718484e+00,-3.190858825341758020e-01,7.384984030339871719e-01,8.473132266474092678e-01,-8.345332922523583663e-02,9.183353931826188088e-01,-5.346226582704274310e-01,1.226196943645710746e+00,-4.999862390339906981e-01,5.986887726748487681e-01,-4.244736291715071608e-01
6.824592716891433319e-01,-8.928733269426715191e-01,4.944250528497227681e-01,-2.382022493583491052e-01,-7.453901577473539541e-01,4.656287507853712482e-01,-1.305234919403527982e+00,7.755668549462547690e-01,-1.038359500660418266e+00,1.453587758269208496e+00,-7.954321076369608168e-01,1.260163715543562768e+00,-1.016149414227218051e+00
1.173462728786420550e+00,-2.844133357870784473e-01,-5.201015253535778982e-01,9.735581383624201113e-01,-2.289958859525845547e+00,1.390378426288816582e+00,-2.063809177589307264e+00,1.534716236533855138e+00,-1.867067104440885306e+00,1.555864248579131193e+00,-1.498576871119110976e+00,1.659241278206911696e+00,-1.534723578213999184e+00
1.016777678623080883e+00,-1.304673938970962510e+00,8.726397887259684794e-01,-8.841327017622908901e-02,6.239388522361632300e-02,4.262435685140902875e-01,-7.385694958892508044e-01,6.400997973028415000e-01,-8.000152766953624317e-01,1.020138746992934831e+00,-9.080229875671291806e-01,8.386933100536058117e-01,-8.309028881716875592e-01
7.929575455202912959e-01,-5.723876119763153802e-01,6.308762789877002675e-01,-2.572723080267967366e-01,-1.203813311251367667e-02,-3.357734090416605865e-01,1.398368024322644843e-01,-1.922110281748186031e-02,-1.750127383858245400e-01,2.219611550537595734e-01,-1.572906408877556561e-01,1.955960906977139147e-01,-4.109496580041395730e-01
5.113220326583022279e-01,4.205435051048426187e-01,-6.947462071183941879e-01,-4.477214407006162578e-01,-6.920319863817836481e-01,-1.553131074898907449e-01,4.193676465691484889e-01,-6.832181027473781532e-01,4.448385564683662308e-01,-8.004715824749873976e-01,3.892722723523692752e-01,-8.282256338332978363e-01,6.266176566083069277e-01
1.734037232000868456e-01,4.750473620760614080e-01,-6.785090042353991713e-01,-5.431161277507262630e-01,1.014915183946636601e+00,-5.017808975636941504e-01,1.125935722393213601e+00,-4.023303218657599545e-01,1.236348474082077598e+00,-6.742517420966038788e-01,6.716066524295952744e-01,-1.089261809870938347e+00,7.647960083281450938e-01
-2.800144639730545171e-01,7.226923535751716976e-01,-1.243877072889110647e+00,-8.137258508540328172e-01,2.121651036832630233e+00,-4.713736338218139088e-01,1.281237833049556185e+00,-6.505469279380107217e-01,1.219918285703877059e+00,-9.888310096119533599e-01,7.847141327922120269e-01,-1.137793960223958178e+00,9.125640897680546981e-01
-9.901419994694224957e-01,9.878863346187686245e-01,-1.410455832782222529e+00,-6.744943910762586370e-01,2.757762757049792013e-01,3.360118117520901615e-01,9.851268268975484910e-01,-1.225146150522263611e+00,7.968602520922147825e-01,-1.353729982498157014e+00,7.703408093880568241e-01,-1.107931258543446651e+00,1.361211825219302396e+00
-2.160956980377377601e+00,1.794741272474040361e+00,-2.183023831512626689e+00,-1.294754307101829038e+00,1.849784973029861002e-01,6.828433243782473516e-01,1.077772185614139344e+00,-1.095045629865985859e+00,9.924318339307073300e-01,-1.251908496772506041e+00,6.155258203645773696e-01,-1.400025211921423596e+00,1.638624180658108775e+00
-5.550047971317376705e-01,-9.669104952919719276e-01,-4.979281557672660119e-02,-2.942722473920424076e+00,5.464070290354130499e-01,1.958444188177004719e+00,2.401241935000397731e-01,1.161480822113186706e+00,-3.630793430676644840e-01,7.499007272108145772e-01,-1.225885310753326518e+00,2.003270267351249800e-01,-1.578180157010454499e-01
6.665871073847439154e-01,-1.349403760999936530e-01,-1.001773608734766619e+00,-2.330419380578104604e+00,-1.106283926844916499e+00,1.447716446801058598e+00,-8.578780847948054289e-01,9.154251484549592588e-01,-1.050384547972991633e+00,9.329002140976331292e-01,-1.572146377020539054e+00,7.172009533034768847e-01,-7.026085617121979876e-01
1.163248768262242328e+00,7.333458500783944789e-01,-1.465721241070432113e+00,-5.010652199691888464e-01,-1.723983745850783844e+00,3.268757988178666807e+00,-1.558258119790141727e+00,1.737065687548748461e+00,-1.671795007419097256e+00,1.324405171730682618e+00,-1.955829472163419069e+00,1.172224873973400472e+00,-1.599115718956946264e+00
1.012065323135624029e+00,2.608637414975465973e-01,-1.158973880131234591e+00,-3.353791180872998545e+00,3.800259098750139453e-01,2.179965199096500328e+00,-1.806044778677818596e-01,9.492418019680018970e-01,-6.243982764789448581e-01,8.522389870266869893e-01,-1.219448862193361460e+00,7.305930735207534221e-01,-8.829479073873270911e-01
8.026800500163039365e-01,4.796810886929728790e-01,-1.334265407748170595e+00,-3.070786323376196947e+00,2.149032831285874745e-01,1.301731862702049991e+00,6.276797887068468196e-01,4.951844763801694915e-01,2.286416978305012837e-01,8.380649886309000929e-02,-6.982514386830497299e-01,-3.090014118105155472e-01,-2.363332444951367628e-01
5.347177844865161900e-01,7.988811687279862017e-01,-1.679583797314772475e+00,-1.771236901499963157e+00,-6.499600139529539966e-01,-2.483583446207091594e-01,7.164120733757759485e-01,2.780944528585019282e-01,9.439864016032287752e-01,-1.006908750412975451e+00,-1.591463580712834391e-01,-9.813874731086961178e-01,1.066974963174862623e+00
2.030445101386278983e-01,1.300688231233548153e+00,-1.144368096860325812e+00,-1.471141374438017513e+00,1.079809330585722149e+00,-2.957152283733404177e-02,1.275549349915230168e+00,2.266636100937635123e-01,1.574319993941442952e+00,-1.155020006173528735e+00,-1.197490548213220735e-01,-1.338875215361817084e+00,8.485559947177725437e-01
-2.484586105827927549e-01,2.077704820852846801e+00,-1.353399102838375834e+00,-2.138842557202523587e+00,1.087427490238653816e+00,-9.082432578725270211e-01,1.159865117364810683e+00,1.438368257399656180e-01,1.791788557390168402e+00,-1.081643062991411997e+00,1.216066424370795818e-01,-1.384253926215013308e+00,1.104807800745124524e+00
-9.576361621134773516e-01,1.623479220654880262e+00,-1.095796084238143120e+00,-3.909071152682804806e-01,2.126238716347799984e-01,-6.794674086120294776e-02,1.403688275709348288e+00,-5.671927436490911134e-01,9.334106205468305495e-01,-1.416953622854790096e+00,6.721898042086911218e-01,-1.208354731192272213e+00,1.174548388951761613e+00
-2.135406131810221098e+00,1.854274174591811430e+00,-1.502793679754870437e+00,-6.623309485654526041e-01,-1.909688696332889901e-01,-5.895220732947582531e-01,1.287631663790077097e+00,-3.893264076267500262e-01,1.163649751552111145e+00,-1.108081295437707725e+00,7.540412862804204419e-01,-1.136707643968126513e+00,1.495040241362124656e+00
-5.255498692758733270e-01,-1.759076153284045985e+00,1.412764193170070737e+00,-5.498886487121883437e-01,7.288187729055967123e-01,3.930596805510022662e-01,-3.256334863788530321e-01,1.249913046250146431e+00,-3.331360761991285502e-01,1.041141781248411169e+00,-5.950922662422365450e-01,5.422819994493144335e-01,-8.146520384360689260e-01
6.838726931161192013e-01,-9.383139220118092982e-01,2.710101060341498780e-01,-8.312963304108153539e-02,-8.919190625869589661e-01,2.951423301402416599e-01,-1.390780503041305405e+00,8.959457479602785934e-01,-1.077024734313970278e+00,1.060612026128747054e+00,-1.194021080042903860e+00,1.060712312041456773e+00,-1.049280552586320692e+00
1.173249762032471111e+00,-2.457366227215598831e-01,-7.645482665544157674e-01,6.790725016185445995e-01,-2.362723642617286846e+00,1.433348241405898449e+00,-1.925772513550402687e+00,1.851228007415645527e+00,-1.735840654620032675e+00,1.328159375244303275e+00,-1.649053185982778391e+00,1.627376665371687903e+00,-1.496332700231260526e+00
1.019177330531332082e+00,-7.190453335632246423e-01,-5.962160560379475838e-01,-2.370668766278690054e+00,-4.522637313069353959e-02,1.362893632843976244e+00,-1.238872667970826041e-01,9.128466230440006601e-01,-9.315210169083710801e-01,8.698912360569893698e-01,-7.971269057644072564e-01,8.876906725852857782e-01,-1.512214232908358991e+00
8.118394251080884860e-01,-2.192752044307887116e-01,-7.797758466071896821e-01,-1.892061103851046644e+00,8.596552511418430187e-02,2.886281564567407809e-01,1.723422053577617907e-01,-1.040203998825754844e-01,-2.308086916423603974e-01,1.488502068407497880e-01,-1.200672163622729244e-01,8.487266272353950758e-02,-6.617278433028898066e-01
5.512907072595301106e-01,3.006705743091506178e-01,-7.822650421434514945e-01,-6.100818276508920279e-01,-8.093743169172787910e-01,-4.187660196617451480e-01,1.326290537789323945e-02,-1.405607432724305994e+00,1.367947448816133615e-01,-5.418378596358075505e-01,6.994572204262752280e-01,-7.832694554706933765e-01,3.417702701253692021e-01
2.279712259528388629e-01,6.188573095783650446e-01,3.600828959739201252e-01,-3.127129143852539449e-03,3.773315920472992691e-01,-5.960100608936222955e-01,8.387504457009364867e-01,-9.639755713414842608e-01,8.604200201873782872e-01,-9.393492064283797127e-01,6.936014914548600530e-01,-1.297811391642807122e+00,3.496743279991703646e-01
-2.252445058538665723e-01,7.721281313095247345e-01,3.428945410780993019e-01,-6.463975488663631364e-02,8.496319333417058361e-01,-1.027982501694662654e+00,1.087413894774605705e+00,-1.485020243292828557e+00,1.047828663090908163e+00,-1.025764115198380955e+00,8.481876637039691413e-01,-1.208832995635509500e+00,9.944045683737825492e-01
-9.343477871775694998e-01,1.044305272165750198e+00,-4.144666969271406098e-01,5.910406078826400122e-01,1.075428889602648708e-01,-5.496676536482549835e-01,9.540452156521449512e-01,-1.046181530247526137e+00,9.548254536002611648e-01,-1.041335976171136712e+00,1.200592504857929566e+00,-1.048392531554622087e+00,1.096436362724941604e+00
-2.105546487705862724e+00,9.832130728449092194e-01,-5.411011654061962384e-01,8.037841427615063372e-01,-3.136383057589709616e-02,-5.985713077606329424e-01,1.207775979250029996e+00,-7.024996574232363900e-01,1.256580450106003610e+00,-6.810482274301742356e-01,1.266717893166292352e+00,-1.137749551066134845e+00,1.457798543139292358e+00
-5.454544612346007293e-01,-1.269578655680035251e+00,2.055618332558564632e+00,1.344540027008113148e-01,6.975350577774682703e-01,1.523581025871847128e-01,-3.555274824987126880e-01,8.192898512291617585e-01,-5.831138991684069461e-01,7.186511696915568459e-01,-9.626472669935544069e-01,3.529005001360201454e-01,-6.715221152048964637e-01
6.662190352820408501e-01,-8.596577864635065458e-01,3.280004243987901247e-01,-1.767676971241874950e-01,-8.050208300532842864e-01,2.199527008053518418e-01,-1.195009663218642881e+00,1.128097351591901054e+00,-9.992220420868616060e-01,1.060677774731425105e+00,-9.354412076472374826e-01,1.230408545336734605e+00,-1.015982445674415313e+00
1.164554819544755260e+00,-5.492647697663375489e-02,-4.031605493570532550e-01,1.273367967854453831e+00,-1.989075156376578724e+00,1.645622383097699037e+00,-2.015822318268611468e+00,1.655321669537653362e+00,-1.737714173568360332e+00,1.522187179419513647e+00,-1.555489328456776787e+00,1.648705758443376190e+00,-1.539491642165612406e+00
1.011879674053084655e+00,-1.343276259901508451e+00,7.509995737769132873e-01,-1.410505633968325845e-01,2.283034645058908962e-01,4.291091250218590503e-01,-5.870486964523927709e-01,7.698908301865852177e-01,-9.668254291107611920e-01,8.852237659200888897e-01,-8.538716378800423890e-01,1.226751371006703506e+00,-6.043922090539128877e-01
8.071110462176472877e-01,-4.335552899696532014e-01,5.623958771217482111e-01,-8.318964400671842799e-03,1.999866748101991887e-01,-2.859113017648105548e-01,4.302280251059069360e-02,-4.281489935666943358e-02,-1.054875953066319177e-01,2.986913368006961500e-01,-1.240813359160054530e-01,1.163548208541926171e-01,-3.278852565626477200e-01
5.587644620683452912e-01,3.266878476525067639e-03,-4.938344326089195713e-01,3.501293233474232491e-01,-2.216001982371913204e-01,-3.320055601334686579e-01,2.489769419064112865e-01,-6.788045779855301776e-01,4.604541895403719276e-01,-5.817429941129920179e-01,7.927985719598054093e-01,-4.720596554829334934e-01,5.838690818893070844e-01
2.460586430072299602e-01,4.757383172957516670e-01,4.714066834374579518e-01,4.672960074748511716e-01,6.922388727485696558e-01,-7.480590237997427616e-01,9.999223069950684550e-01,-8.528499232067452418e-01,7.858478821135983505e-01,-7.882356949083402231e-01,1.098157900480258187e+00,-6.837052948047273038e-01,8.668040040142814817e-01
-2.023188536008809213e-01,4.912760728580704561e-01,5.852380742858869223e-01,2.641128191536089576e-01,1.068915664520376785e+00,-1.499302647897871044e+00,1.461597692281761729e+00,-8.375253372519566586e-01,1.095786603740966925e+00,-7.544767806873066140e-01,1.374455925933620426e+00,-7.109921744859146742e-01,9.532516175657796964e-01
-9.121834368943174676e-01,7.151523851963853540e-01,-8.132579416488176782e-02,1.038356124125916047e+00,2.330888119258705260e-01,-6.996387545238288430e-01,8.844282014990859642e-01,-1.032100772226713259e+00,8.513310108931051445e-01,-1.037183305283627455e+00,1.122511310858376632e+00,-1.152925342142914866e+00,9.759532480851790259e-01
-2.092148511560129709e+00,7.712830118921254474e-01,-3.804299570838956535e-01,9.803914480795694608e-01,9.863546654707912309e-02,-5.923768350766849267e-01,8.340272408404918458e-01,-1.014885347733049059e+00,1.049581991628770083e+00,-8.124185174910079077e-01,1.255247455950788460e+00,-6.863986685509169128e-01,1.706953112792739757e+00
-5.190043328864826222e-01,-1.869542452442421121e+00,2.016792920214898199e+00,-8.985133378192950229e-03,7.477916824961678977e-01,9.256010383175913292e-01,-3.188080647349602614e-01,6.593613403860908440e-01,-5.734791215345088622e-01,8.015982788926199198e-01,-5.952932922890709078e-01,8.842138665454895019e-01,-4.161993316037370660e-01
6.835992267521412424e-01,-1.009168907307798513e+00,6.444541722412783225e-01,-2.891372877110929274e-01,-1.345340360268148849e+00,4.320956586769512664e-01,-9.333177685853734085e-01,1.120907969033259066e+00,-1.003265107391797528e+00,1.102987404205244326e+00,-9.363814407964453634e-01,1.384687710481363965e+00,-9.605427960303992707e-01
1.174336573895148117e+00,-2.296044179529757867e-01,-6.607752861221429797e-01,9.533633035499218256e-01,-2.111753579604735975e+00,1.572306242816927213e+00,-2.019233627750037563e+00,1.742477394130127921e+00,-1.672403889261673493e+00,1.552894250357290895e+00,-1.489072356681185871e+00,1.691550447197511131e+00,-1.533852850037781490e+00
1.018716319159253647e+00,-1.600726412329864345e+00,6.773336868695258861e-01,-2.094099462454650229e-01,1.066896018116383626e-01,3.303784143729797673e-01,-7.434958773337139171e-01,7.573520398514116403e-01,-7.836782406295330627e-01,9.385527582852299933e-01,-7.786601470207399345e-01,1.157661240092582755e+00,-8.256696720869113326e-01
8.142355657421879167e-01,-4.591270616822496486e-01,6.960217719987072948e-01,-6.197181309710086267e-02,1.459122042472625336e-01,-5.082202121901608916e-01,-1.340701819567095276e-01,3.966342520865645538e-02,-1.433518078165015586e-01,3.796700662105602364e-02,-2.094669209657781250e-01,2.049820163139195739e-01,-3.725205678443523349e-01
5.659696665707645291e-01,-1.657975329277799337e-01,-3.773084633071943084e-01,3.249520686407207926e-01,-4.949523043280361079e-01,-6.890449225691014368e-01,3.435659079043017206e-02,-1.019227379129562294e+00,3.392826920458423268e-01,-5.406131321236535836e-01,6.498793845903925170e-01,-6.549018634145354900e-01,6.206999016359960875e-01
2.575584629419648275e-01,1.123541342753729966e-01,5.005862036618822231e-01,5.917588418983750209e-01,5.160525020467533475e-01,-9.474786814933375823e-01,8.769081049102391834e-01,-9.394474187619519245e-01,9.767966410394486321e-01,-5.417497131768960195e-01,9.789790645801185187e-01,-6.648452417302874728e-01,8.975104407020745301e-01
-1.850643904987921418e-01,1.763934702541627708e-01,6.646284416947577656e-01,1.836907287402192446e-01,7.737903329076544212e-01,-6.736631453743421316e-01,1.597576080108254581e+00,-7.491676695016155074e-01,1.125535087087569774e+00,-8.554195421763686191e-01,1.290873037658753164e+00,-7.199974729092117887e-01,7.069594045708482710e-01
-8.943227572444141238e-01,8.083477151095606050e-01,-7.877308986897491039e-02,1.017873598199720675e+00,4.196525831775866910e-01,-6.606378927700283787e-01,8.116492517055609035e-01,-1.035666380332767256e+00,9.222433514515833153e-01,-9.610333364698740999e-01,1.080111113647704402e+00,-1.063008760106226580e+00,1.257861845928199163e+00
-2.064492734252365569e+00,8.775995156238599604e-01,-1.755616486345743243e-01,1.052132609733085200e+00,-4.353318401313858305e-02,-2.897420067490861784e-01,1.217749915790959925e+00,-7.752999059161017614e-01,1.085515048380287118e+00,-9.467188304598718185e-01,1.305492158461635466e+00,-7.529799030376356228e-01,1.357315318248466296e+00
-5.383537193913274788e-01,-1.340547273843083476e+00,2.275124095770861832e+00,-1.484118352562656395e-01,5.662477938073431361e-01,7.411009618343130656e-01,-9.159604880155274020e-02,9.463320382191235947e-01,-6.148766792454697372e-01,8.245740609923406517e-01,-5.231577007963345016e-01,7.101598119236688378e-01,-7.882681598340091078e-01
6.670927775118055125e-01,-8.399121888996405882e-01,5.156493456331037173e-01,-1.303411364625937097e-01,-8.520486181035332729e-01,6.976232311786455531e-01,-6.342107454866124927e-01,1.360121849651914072e+00,-1.035590413524846154e+00,1.170660806273738253e+00,-9.149912120451130226e-01,1.234075055215797745e+00,-9.468475492229599944e-01
1.164982097080000445e+00,1.465300073275477115e-02,-4.514987553653523333e-01,1.039166438337527643e+00,-2.041098750798071571e+00,1.930346388083761910e+00,-1.889876496014273766e+00,1.712481522392637956e+00,-1.776943130305484120e+00,1.514688337637455362e+00,-1.496154330589279047e+00,1.498659998023041284e+00,-1.766763914513542089e+00
1.012459770355717437e+00,-1.926255334334823655e+00,7.433558474676842387e-01,-4.091042808431139544e-01,-3.432078661938268160e-01,2.395273318270146612e-01,-4.776317757590474722e-01,9.131588406904448396e-01,-6.664193076704586494e-01,1.195986997315591882e+00,-7.362440097381356408e-01,1.166208193458171172e+00,-5.310641160573075226e-01
4.106030214084861740e-02,7.604322407099470826e-01,1.085136525808059194e+00,-1.108892042534359579e+00,1.091126701163003948e-01,-7.971918779224983487e-01,-3.178536264241785814e-01,5.911569402059864142e-01,-5.657347374747994095e-01,5.421460838537642823e-01,-6.893081912712797354e-01,-5.506791380937428766e-03,-5.689731683620691260e-01
