9.343339035624662614e-01,-3.466180656463832221e+00,-1.203979558943690131e+00,1.555769412445439093e+00,-6.296419397790247174e-01,1.424984061858730833e+00,-1.503172741484340158e-01,7.623098186231963558e-01,-2.907220181664387781e-01,6.668100426683443160e-01,-3.451940715744328814e-01,6.778888348312264167e-01,-9.265361760821202997e-02
6.824585754484027156e-01,3.486072541036868144e-01,-7.441942936001078035e-02,6.139162348996606705e-02,-1.283303992654272474e-01,-7.439964989959588770e-01,2.194132472854708749e-01,-1.334111001466080915e-01,4.162171801547797645e-01,-4.381174479688140777e-01,5.620147217186947930e-02,-1.976984269462234434e-01,4.173702923533255671e-01
3.867385376448334577e-01,7.386795936504189086e-01,-1.213298326483353007e+00,-8.670631468944691722e-01,-7.431887325979834591e-01,-7.981560520493564681e-01,1.114057849686142659e-01,-7.759266511380747966e-01,5.880652181373561271e-01,-1.081622490222032607e+00,6.858104277174570385e-01,-7.520509934312997746e-01,7.707887405519683321e-01
9.588478093541279862e-03,2.007650725343016251e+00,-2.826485295986194579e+00,-3.075250891620811888e+00,1.311260395526191669e+00,1.894526663485932572e+00,7.393702424304872123e-01,-1.637873131046496677e+00,9.773838468144078195e-01,-6.462219914061627657e-01,9.238070588239729597e-01,-1.372072045070318769e+00,7.286697024511460397e-01
-5.788101798341148685e-01,2.771848861401732034e+00,-3.998863158140660623e+00,-5.777347021915209879e+00,2.319278845471294481e+00,6.415288354641379698e-01,1.251325171359017663e+00,-1.708518698626945831e+00,9.284531925543091369e-01,-7.940894208844057056e-01,1.424819094019192711e+00,-1.520310477511764624e+00,1.031791011617046339e+00
-1.577172170611928603e+00,3.211745755328216934e+00,-3.423101261353313163e+00,-3.360688545319659770e+00,2.036526938267916087e+00,1.192050316099603435e+00,8.030017342903330579e-01,-1.693231907897291055e+00,1.124743350614541226e+00,-1.027333165837040818e+00,1.436747772075284368e+00,-1.459814492659281759e+00,1.040160085361082398e+00
-1.832540166589129216e+00,-1.122501327041801472e-01,-1.420638255827805008e+00,-3.285951688683588223e+00,5.355262996071669113e-01,9.841808431278519231e-01,-8.133548086436174218e-01,2.835203767552036402e-01,-6.215375522447016410e-01,4.537000657745606791e-01,1.963679582508525423e-01,6.889497387329326372e-01,1.010156603075329680e-02
-9.077900507732980517e-02,-1.928131435460780363e-01,-3.613552265031050870e-01,-1.226873815556787095e+00,1.150329095682315339e-01,1.676431597315102939e+00,-4.445769486434826834e-01,6.391282379789430257e-01,-1.026488606842472118e+00,6.144622715983246719e-01,-1.011982165782776777e+00,6.853367432767032419e-01,-8.316494283543605093e-01
1.086281901608266987e+00,-8.712426798667443489e-03,-7.601099199652977534e-01,-8.686035271832446281e-01,-6.739534469485811696e-01,1.944098205674382962e+00,-1.408821842587705264e+00,1.147407644337481436e+00,-1.457850065485749802e+00,1.520763939513777085e+00,-1.396061582395697664e+00,1.611219614798041322e+00,-1.492420813246438493e+00
1.136412868278485311e+00,1.407757086467546770e-01,-4.516239004398180379e-01,4.443592060581441627e-01,-3.696244563468259470e-01,2.444537656780150670e+00,-1.262655510500712230e+00,1.148326590311998130e+00,-1.376848953034239154e+00,1.534181990362190717e+00,-1.357830177530287008e+00,1.392274178266186935e+00,-1.416408545629654014e+00
9.275036044170359428e-01,-1.038328705004970764e+00,-1.179052008542412627e-01,-5.974080931865768385e-01,2.522532112575039509e+00,9.097029202771459433e-01,-4.189700889196867895e-01,5.394459830873981065e-01,-5.229793263151817362e-01,4.691419750571598768e-01,-6.710745855031126084e-01,9.104100359293039180e-01,-6.767138116809866544e-01
6.768898615467111579e-01,2.117335576780360884e-01,-4.355951083565237081e-01,-1.054524713615662551e-01,1.535326273750755866e-01,-4.730436408105836987e-01,3.846439305226866112e-02,-4.515293723911317225e-01,3.811536956085636030e-01,-1.994759114731368965e-01,3.525689912381328450e-01,-8.867238934401347472e-02,3.271637803879089978e-01
3.834914970161079073e-01,4.287257210543398700e-01,-1.052792369255170168e+00,2.576481008488186730e-01,-3.535028345433895436e-01,-9.551666522045676455e-01,-2.457705414620502959e-01,-7.940482232912543514e-01,7.964347203999685432e-01,-1.097338544249169212e+00,6.104067786790081662e-01,-7.840887192763338343e-01,8.757374703268342442e-01
2.899933384359193282e-03,1.037558768657650177e+00,-8.399050092659076094e-01,4.568048046100649240e-02,1.546065882683455017e-01,-1.301752001548326376e+00,3.069816607117264451e-01,-1.056530836097262949e+00,1.114471599238454624e+00,-1.046579027081931734e+00,1.021813927145335921e+00,-9.362489361743899785e-01,1.027588151368161506e+00
-5.842421289724402111e-01,3.349935487325172295e-02,-1.793962401827351894e+00,9.998960567899042862e-02,2.691382813710033961e+00,-1.344867100843009977e+00,1.192363996655801284e+00,-3.996661715794194714e-01,1.530990493391698459e+00,-1.384614520090313938e+00,1.180930628746879485e+00,-1.129038351221448799e+00,1.111122845876817200e+00
-1.580645417482741122e+00,6.247756166074329709e-01,-1.743545067142915128e+00,1.035867784794595847e+00,1.666040614309368895e+00,-9.723300072705914898e-01,8.447423799914772768e-01,-5.583454056021980305e-01,1.533605357920105217e+00,-1.786151869549428728e+00,8.997425572604886845e-01,-1.337666857814826304e+00,1.361995641167550453e+00
-1.816372612894473937e+00,-9.771805764702726771e-01,-7.255521984411757996e-01,-1.244981797117612254e+00,4.386450631806086409e-01,1.526510785609697385e-01,-9.024461275267563476e-01,4.831270555384743481e-01,-3.468453517142432441e-01,2.317216342503840565e-01,-4.299151682850946288e-01,3.984749465933443147e-01,2.457775377869725331e-01
-6.937758736599392018e-02,-3.572330378448461685e-01,-1.689807383989419542e-01,-4.132302399861759179e-01,1.357553220149155526e-01,6.653444370848230482e-01,-9.703887455202092616e-01,7.286979696270350360e-01,-7.836715477172545574e-01,5.836952370073142937e-01,-1.189935072081361955e+00,6.593337972363049193e-01,-5.247345042532461923e-01
1.106757830808071663e+00,-2.095342332541232921e-01,-1.070171813983441744e+00,-4.509699993355389402e-01,-3.366093426504079278e-01,1.335014628494926248e+00,-1.677938460193591164e+00,1.535465037287091716e+00,-1.290110500795626169e+00,1.429656887104745921e+00,-1.576226478167729095e+00,1.527195447941755546e+00,-1.324785076952313956e+00
1.144760583110270957e+00,2.736985581248905786e-01,-8.855042568952484761e-01,8.567249950364194122e-01,8.811689539167329166e-02,1.699131819987140801e+00,-1.729878105519902842e+00,1.465233458219981078e+00,-1.340388337417013576e+00,1.217465522194500993e+00,-1.393290971863659911e+00,1.484145423530063512e+00,-1.435267313095728525e+00
9.349364538319044904e-01,-1.797818548498296032e+00,-1.327036500086379078e+00,-1.259340406459539041e+00,2.891112496994234338e+00,1.114200596198930970e+00,-3.510558132501431228e-01,4.692422615816429499e-01,-5.544759463267759925e-01,1.052788041998104607e+00,-1.064492589689009228e-01,1.138880789858780496e+00,-4.175812914441496826e-01
6.826396199625713868e-01,3.894908297703148503e-01,-9.189873081300862223e-01,-9.207586816725887857e-02,6.938167273824582537e-01,-1.664977231642149336e-01,-3.127457874380233926e-01,-6.754935092333637092e-01,2.851428064589286993e-01,-3.447359474431623272e-01,2.558103016616517511e-01,-2.686874524065409053e-01,1.376239785488379830e-01
3.853345815759547377e-01,5.539355521110057579e-01,-1.177326781345486184e+00,-2.492443911341302720e-01,-2.987955448051878848e-01,-6.379454028130586707e-01,-2.095336165747618551e-01,-1.109108099110110546e+00,4.997038484025634886e-01,-1.118628332531519165e+00,6.221674246211110759e-01,-8.244693849549892262e-01,6.349036791924644874e-01
5.874195081658685480e-03,1.144510664856575266e+00,-9.144236694568558255e-01,-1.858722863861846930e-01,3.382287372983011631e-01,-8.469952881551617851e-01,2.522093551504014375e-01,-1.132462785630989233e+00,1.187276908561584632e+00,-7.114410414350298417e-01,1.093817998359809973e+00,-1.022550060129551408e+00,1.070468442164007827e+00
-5.811157269743707499e-01,2.044643381159426954e-01,-1.193215662150732381e+00,-2.369273228653750729e-01,2.794938861750333903e+00,-1.598996904435906474e-01,1.269524526482835203e+00,-1.052077585648346636e+00,1.784236153526732815e+00,-7.334677526083885901e-01,1.286371896858009567e+00,-5.531521142172817207e-01,1.489052179174377377e+00
-1.577188911786580716e+00,1.613170778313823162e+00,-6.597418150710745444e-01,1.445273742919971127e+00,1.977242200028745289e+00,3.418537067958470899e-01,1.154627503762775564e+00,-1.602614363053824764e+00,9.505114507925882528e-01,-1.370237904549346020e+00,1.180504688257546508e+00,-1.018371328572931223e+00,1.534648805452309750e+00
-1.831993093399129968e+00,-7.847446716939325828e-01,1.055070467839199222e-01,-7.414180359626222627e-02,6.425316052941504319e-01,7.242352853610679597e-01,-6.270977402175769155e-01,4.677334718540765435e-01,-3.641363773501611889e-01,4.258587705638466336e-01,-2.509237258358241740e-01,2.411351676682308154e-01,2.366985653553811686e-02
-9.389333154002763027e-02,-4.606622734767842897e-01,1.409136333738641722e-01,6.171454268912870966e-02,2.897377472352620845e-02,3.204400098557374510e-01,-8.743708157052823005e-01,9.464369061493014268e-01,-9.308934123804702976e-01,5.141126907166546633e-01,-9.113140671053414632e-01,8.688523633005885705e-01,-5.609249613019698932e-01
1.084339718057015345e+00,-1.369644859789033720e-01,-3.955817156586775019e-01,3.276580279816346253e-01,-5.931484558780301120e-01,8.085828886724663045e-01,-1.720387723797396351e+00,1.607011322601695102e+00,-1.433902279074926955e+00,1.204556593849669399e+00,-1.579856256445689278e+00,1.513695134569303935e+00,-1.298562209618801200e+00
1.135458843423746034e+00,-1.715431299644327306e-02,-6.822128017053415983e-01,3.569810915099581039e-01,-4.741192584650307240e-01,1.620738098596977483e+00,-1.546034490481627666e+00,1.359712027438863435e+00,-1.423783407865677475e+00,1.076616454496378550e+00,-1.665613557809489942e+00,1.375551434342416224e+00,-1.278238933581972159e+00
9.285911141202458641e-01,-1.138244330986005304e+00,6.399542473808739196e-01,-7.085116508191126039e-01,1.732035092178128899e+00,5.232223041195236402e-01,-3.175110633526824211e-01,8.521160331574946234e-01,-3.051258764831896730e-01,4.960600104864519300e-01,-7.504226082681946242e-01,8.506375254687912335e-01,-6.654029042927377402e-01
6.775364839092011815e-01,1.810404080226321599e-01,-6.188405289107370977e-02,2.217040337706776831e-01,-2.743506401025785912e-02,-8.953757456038102802e-01,-1.863921959093013114e-01,-3.450404806858615170e-01,4.754275647935580218e-01,-1.976166952098332708e-01,2.727932627089398321e-01,-2.729190530736023690e-01,1.586341661831765504e-01
3.836409439620976358e-01,5.572861240953499440e-01,-6.581983027339560754e-01,1.560973293766111658e-01,-6.975224465943519192e-01,-6.455683446759281630e-01,3.146518152011543168e-01,-7.962165261542993866e-01,6.610852970026891429e-01,-9.191269639962964533e-01,6.883048155693061165e-01,-8.754892159793260520e-01,8.464235133271515998e-01
5.391097856853920359e-03,5.703759401317382016e-01,-3.214637136691844144e-01,2.479288794478716196e-01,-4.448102684357490011e-01,-1.298041353547335408e+00,6.190838041954275228e-01,-9.221060625740187255e-01,1.005955762084072225e+00,-9.912864798545636402e-01,9.945531302866047474e-01,-8.726587194606479914e-01,1.078370229902237520e+00
-5.809677298744013729e-01,1.364249949931992667e-01,6.450563537653107860e-01,3.727930563533405905e-01,1.161840060302543831e+00,-1.306970597942216594e+00,1.890693895550972226e+00,-6.050421453272849526e-01,1.349075511668601957e+00,-1.141517484821594097e+00,1.134139283303071011e+00,-1.004052773818260302e+00,1.349879430621123477e+00
-1.574908061136440995e+00,7.883141326381719605e-01,9.906660197433636572e-02,9.568923959639885624e-01,5.868919439473557764e-01,-5.537108762037503684e-01,1.721429811233603280e+00,-9.457701267231077846e-01,1.103838365545586120e+00,-1.463204165746997854e+00,1.152065483565174686e+00,-1.192757577005989056e+00,1.253112805036961541e+00
-1.814837792717780340e+00,-1.143661708002925215e+00,9.323570713914263175e-01,-2.376222901436737533e-01,-2.969084005272786264e-01,2.699674701287260725e-01,-5.548233479240304300e-01,3.972999478144140229e-01,-3.019914017709528498e-01,5.622297749814163526e-01,-2.685189353345912577e-01,1.516818137873207906e-01,1.998791772067679343e-02
-6.900330864755718774e-02,-5.750478469432350748e-01,7.389920750479576084e-01,-7.070251113322194303e-02,-5.403273089650462158e-01,4.536489669680602854e-01,-6.820298581557004969e-01,7.822998079658574078e-01,-9.012125421578516260e-01,6.312282913173525856e-01,-9.353591652766786169e-01,7.496516330615907719e-01,-8.279330143622638527e-01
1.105792320522833938e+00,-4.196732351273502193e-01,1.396489261158886108e-01,2.434529139707532208e-01,-1.363807904945638194e+00,6.261620544592918503e-01,-1.507185279549581258e+00,1.411143774690612807e+00,-1.408523075126259627e+00,1.450443615477335468e+00,-1.484242604714918867e+00,1.521428957371484314e+00,-1.423776406643702419e+00
1.144826866029329482e+00,-2.540082315692049689e-02,2.317199276039760558e-01,1.031458290661515731e+00,-1.008725285536547167e+00,1.524954934331082423e+00,-1.190021662854553020e+00,1.424988883531487449e+00,-1.381833119776438634e+00,1.463219772448267175e+00,-1.311180056356145318e+00,1.396789448807358225e+00,-1.481111354156697812e+00
9.345298069429383014e-01,-1.851387792604088922e+00,1.997262549350282912e+00,2.687602897200097596e-02,7.923011645834958649e-01,-3.046967230444687647e-01,-3.434380634052502934e-01,7.311890078481197985e-01,-1.625321614107848589e-01,1.212134748947385487e+00,-2.483194612384074240e-01,8.623531599696971917e-01,-8.872588191454148232e-01
6.828635560952226458e-01,1.651322599902616539e-01,5.198776501407997852e-01,1.730792375111790682e-01,-4.903963400282417839e-01,-6.957714506484006245e-01,2.661663165305724332e-01,-4.334507673973870268e-01,3.444269613212340708e-01,-1.928292243783936988e-01,2.831259494936499976e-01,-2.016560560346948028e-01,2.874787321714096788e-01
3.856373184449327085e-01,5.389162296674974151e-01,-4.138249840381818534e-01,2.825424315177358370e-01,-8.356233562500778866e-01,-8.467358860812862487e-01,2.222219729333006211e-01,-9.051141078262757711e-01,6.059669766568533955e-01,-8.167451095802309435e-01,7.715081110372545847e-01,-9.035990180255855098e-01,7.657404478340888998e-01
7.164098415952369590e-03,7.579749224411489461e-01,1.794669293615125394e-01,2.113925716533022192e-01,-4.585952498508172881e-01,-1.069036479160506481e+00,7.127314529329780157e-01,-9.557263263197592895e-01,9.766927269070706519e-01,-9.264504554704401373e-01,1.014863397746879503e+00,-9.708256005128842459e-01,1.072056484199646498e+00
-5.828899743548944246e-01,7.147124300087572824e-01,1.361377505741467653e+00,9.075844870862588287e-01,1.047196886737474575e+00,-1.035302262596297762e+00,2.204754411697756211e+00,-1.295424066721533984e+00,9.418175972332639700e-01,-1.049739210462976136e+00,1.081252504644258039e+00,-1.371882421462007784e+00,1.059840982653942554e+00
-1.578344200473266401e+00,9.989258995047368694e-01,2.761356676873590876e-01,1.320640216529009869e+00,7.484615466120452254e-01,-5.368594319894613998e-01,1.356019530280235141e+00,-1.001807424085562559e+00,1.111896314542636599e+00,-1.539280113022837959e+00,1.052845484342808557e+00,-1.386474558980216099e+00,1.434531905937530327e+00
-1.832600497168940912e+00,-1.019838950306125591e+00,1.114453721114692542e+00,1.905393163758414138e-02,-3.044393841210792373e-01,2.916323150868352920e-01,-3.483482712502287693e-01,5.562956375495485828e-01,-4.182577805753079359e-01,3.142824198855811435e-01,-3.035426467918251880e-01,2.086112029933562539e-01,-3.823797098833839336e-02
-9.590315947476839298e-02,-7.427465380959803465e-01,5.296455317387924744e-01,-3.699017439128376439e-01,-5.248109552502567832e-01,4.065092764829552063e-01,-7.584782305287761650e-01,7.878999042559798882e-01,-9.158340960760690264e-01,6.498711162181733947e-01,-8.860063863318833333e-01,7.138285981880373443e-01,-6.681175283578312252e-01
1.082358758549006206e+00,-3.075778109349253664e-01,1.842068673684036095e-01,2.350484145762135324e-01,-1.146347494916577725e+00,1.022487216368247243e+00,-1.335260361461574119e+00,1.518057793172575831e+00,-1.384291744545945724e+00,1.404716482911019915e+00,-1.591886265456653460e+00,1.288755136988192662e+00,-1.667676566657122716e+00
1.134444261690902289e+00,-2.636847637855538329e-01,1.250405118435999885e-01,8.357423584210723622e-01,-1.121272777075419169e+00,1.240149723207628174e+00,-1.249838637587490808e+00,1.316360069690904799e+00,-1.546668394366552013e+00,1.332312713105802571e+00,-1.425769703227985019e+00,1.303159783881662870e+00,-1.481628431106137178e+00
9.269472781888701274e-01,-1.631402835290501008e+00,1.759642171740213756e+00,-1.120582810541573965e-01,7.582432127010857448e-01,-4.638663463284591337e-01,2.419599205122040797e-01,1.160833538284006039e+00,-1.964345362363262848e-01,9.712499614135481352e-01,-3.549185443587319910e-01,1.020644343422521860e+00,-7.916698164616103872e-01
6.770960977776374623e-01,2.103659248159096135e-02,3.017421312056892124e-01,1.030952807000994585e-02,-5.844088855438388519e-01,-8.809682698405547630e-01,4.236423010135934586e-01,-1.896728914826816548e-01,2.601456194116931742e-01,-2.453712001091308548e-01,4.487387784586793216e-01,-1.893542359260769747e-01,2.485875251506694805e-01
3.831754313963641745e-01,6.312401195768263529e-01,-3.104961809434743647e-01,5.522200206375262876e-01,-8.224397693691348765e-01,-8.080613510239650354e-01,4.572467077661851453e-01,-7.792504147346760446e-01,4.868530135160282213e-01,-9.296317641274703947e-01,7.475379837445458309e-01,-9.095845147424433952e-01,8.492478821179858528e-01
3.865788666561494145e-03,8.061284752978605805e-01,3.134971060945358767e-02,4.267007023121049403e-01,-4.704491591734860090e-01,-1.286946069750026789e+00,7.351226991668947663e-01,-9.807376207887484876e-01,9.110937912338663569e-01,-1.090152884470079631e+00,9.114118578371076529e-01,-1.112121709831882299e+00,7.861409924097335633e-01
-5.817427988133669903e-01,1.040158424191317099e+00,1.183482534075030124e+00,5.398555592315442686e-01,8.364612337679129261e-01,-1.259496893134819384e+00,1.516878033262548664e+00,-1.552943787835691314e+00,1.126843751621969369e+00,-1.147929213849354868e+00,1.117630833085519360e+00,-1.313544713940302699e+00,7.766332698314764027e-01
-1.575041708076390101e+00,1.362019367292918171e+00,2.374480863407834319e-01,7.151784370501650390e-01,3.245155919079314999e-01,-9.352663765826125797e-01,1.253399890165886266e+00,-1.338865019945009394e+00,1.015298560582949650e+00,-1.351174373239825144e+00,1.240754885914212791e+00,-1.333328083770543682e+00,1.180906106484064466e+00
-1.813674368407429016e+00,-8.458368497540248443e-01,9.826299398788981287e-01,-3.344627835033080476e-01,-3.562578942714290098e-01,4.736789082636725934e-01,-3.037589003257198939e-01,4.138177769318447385e-01,-4.509350969925141617e-01,4.055523886884723206e-01,-2.302499483345650799e-01,2.167718117450806448e-01,-1.730983180616731398e-01
-7.032764312742714741e-02,-6.572906478043151202e-01,4.913059843626227940e-01,-4.743765902765005871e-01,-6.256139376930314189e-01,3.564885256413135028e-01,-6.541853301429398915e-01,6.871170175838566818e-01,-9.468882384521547513e-01,6.738531122712602128e-01,-9.608306237570999331e-01,6.320521916405985596e-01,-8.742818467964534879e-01
1.106004865660457748e+00,-3.285634223197479997e-01,1.707888493669921237e-01,4.573726626665972628e-01,-1.155217794152793243e+00,8.006581600623493555e-01,-1.533872198717566304e+00,1.335935359866625927e+00,-1.489722963023894398e+00,1.528603642437172727e+00,-1.414670957273528318e+00,1.396953068621155536e+00,-1.621700668696789638e+00
1.144745092340932580e+00,-8.294286031014376503e-02,1.844357190730034624e-01,6.231226854144894522e-01,-1.031789122423647953e+00,1.615926127103726406e+00,-1.334265066946656475e+00,1.347537676797618378e+00,-1.395023239011823346e+00,1.393285127992814232e+00,-1.468452213458143252e+00,1.173633577416523854e+00,-1.617937597988244214e+00
9.346336683794247424e-01,-2.362349236122449181e+00,1.417047660202004788e+00,-3.345822512346234290e-01,7.849723179294840758e-01,1.958853542166024975e-01,-5.317178746985448679e-02,6.475469125132289339e-01,-2.164417399460845937e-01,9.821878327245442408e-01,-3.377567942880979057e-01,1.053117467361004866e+00,-5.918444051480471479e-01
6.829668087274911592e-01,2.801195703562200379e-01,4.318311670723842810e-01,-1.828209867924177889e-01,-5.772997869508534885e-01,-4.058589516977351153e-01,2.639540339154452520e-01,-3.752561215633791192e-01,3.194723954950354217e-01,-4.577294235531344513e-01,2.555211211230806745e-01,-2.929821360316551826e-01,2.562941921315891811e-02
3.863339913947690940e-01,2.869357417958979251e-01,-5.685398314134283426e-01,-1.497217414749504871e-01,-1.043103831676807092e+00,-7.877974689733691083e-01,3.790379789781417319e-01,-8.260730772261372090e-01,5.904069748419900066e-01,-9.428466382458373651e-01,7.454921267914270677e-01,-8.266461826804626378e-01,7.428417927851383995e-01
6.545212827535840973e-03,8.595453284249555681e-01,2.047653195150664074e-01,5.157280430220125833e-01,-5.125452469877663786e-01,-1.081992501056146416e+00,9.840680626189923785e-01,-8.309753706822675667e-01,9.355295087290534939e-01,-9.722543841454024394e-01,9.851663080338147749e-01,-1.178125018623292997e+00,7.070131612257413156e-01
-5.823311117320424390e-01,-2.589434779058560898e-01,4.969763635682281633e-01,3.519230221679113257e-01,1.167459534109048125e+00,-1.585873815665987729e+00,1.738494590313670818e+00,-9.435583699062015661e-01,1.347220755753775645e+00,-8.367495599089203040e-01,1.517627933653548755e+00,-1.116592372709626080e+00,5.203205584060346389e-01
-1.576891231309405228e+00,1.307909974787801799e+00,3.029044395340995122e-01,1.082718596367146846e+00,5.244112885557818959e-01,-6.576498395291139332e-01,1.725636317170746281e+00,-1.078093001432610221e+00,1.054544068829497583e+00,-1.295355412889590996e+00,1.207042397303214054e+00,-1.341638528002112141e+00,9.839481245349858130e-01
-1.830812945478794473e+00,-1.248245138650717179e+00,6.974896653102203858e-01,-4.567670351631498149e-01,-3.651685700450658101e-01,5.900411894448658323e-01,-2.262534010765552550e-01,6.078706079248424876e-01,-3.100013940389989009e-01,4.556862025090098189e-01,-8.141114802556635721e-02,2.219876017814345903e-01,-2.888050886337744649e-01
-9.146355646303921949e-02,-4.482379989752603433e-01,6.821389010422890253e-01,-1.093166283537604228e-01,-5.055687201224783323e-01,4.962879116523857825e-01,-4.986200281059069428e-01,8.141535096939415128e-01,-9.502831171879791983e-01,6.836251641264653456e-01,-8.747205749663360397e-01,7.287259037127044037e-01,-8.795665897110261922e-01
1.084171564650559194e+00,-4.785275116340157453e-01,9.766210878772560444e-02,-6.967468049103893446e-02,-1.388909053161982765e+00,7.320704785862398589e-01,-1.392827726780176301e+00,1.407773070526466608e+00,-1.586839572195301695e+00,1.352384709117887773e+00,-1.422943722057135263e+00,1.432196379598009717e+00,-1.563765076357655603e+00
1.136316920794135932e+00,-2.937901447208638994e-01,8.866718545819225750e-02,9.420160058782264256e-01,-1.004757485243233051e+00,1.088609339572316204e+00,-1.471041665115928598e+00,1.236572105743527938e+00,-1.515017591392250118e+00,1.387379131557590073e+00,-1.407615948252928684e+00,1.336184766137382463e+00,-1.568227952614824838e+00
9.289521618594520636e-01,-1.976814039678846280e+00,1.660303960420097313e+00,-4.811554152632088188e-01,5.652737115440464866e-01,2.444448017440779553e-01,2.836859824513224271e-01,5.196564813592806642e-01,-5.506617319388678045e-01,8.971638043897166570e-01,-4.643639344987633422e-01,1.009192003101841095e+00,-5.313595279180951536e-01
6.780646400033932819e-01,-1.712410731347423914e-02,2.686143986009547624e-01,1.529394332149603686e-01,-4.847548480774722113e-01,-9.823820091615326211e-01,1.351598988645883181e-01,-3.559187119724169235e-01,3.343816028732343182e-01,-2.799293144581703197e-01,3.929573962888697758e-01,-9.928806579981457048e-02,2.217031187901915557e-01
3.820250260250658836e-01,4.139196046863107270e-01,-4.440463900287892618e-01,-2.042231705751631696e-02,-9.946364076564255807e-01,-8.473655545946691126e-01,3.022256170235984030e-01,-9.078031710232737916e-01,4.931826056311373052e-01,-9.744613261668758630e-01,8.019497958927002124e-01,-7.707936331877414116e-01,7.792803908591050543e-01
2.525549878360678659e-03,6.582903984369308237e-01,2.750196178324329152e-02,4.059888852010852256e-01,-4.561512249549408704e-01,-1.213011270097882344e+00,7.349717139171131342e-01,-9.631830855421743554e-01,1.040687056639634456e+00,-1.006502497198494384e+00,1.053958400755435454e+00,-8.891835286802265426e-01,1.008903741082666006e+00
-5.819826081374895876e-01,-1.015484741081967845e-01,8.820185024385953643e-01,1.961022465047719820e-01,5.688788777020267196e-01,-1.181761675844959170e+00,2.103496539699220680e+00,-1.044523510779449049e+00,1.343890885978187288e+00,-1.092408636952840961e+00,1.311770821481853977e+00,-7.327172030868928099e-01,1.190225494269667950e+00
-1.575289501937280789e+00,9.776058102295847041e-01,4.232658738729864756e-01,8.765153594765798806e-01,-1.011204328394900154e-01,-1.234270981705064996e+00,1.670282317790353410e+00,-9.375226417206706797e-01,1.374137670794578270e+00,-1.130344270369440407e+00,1.311095455692822265e+00,-9.704762305734918604e-01,1.285829371972909918e+00
-1.811255878792852103e+00,-9.378459951302606790e-01,1.014348247245639323e+00,-4.021908412302236946e-01,-4.970895253390740787e-01,3.766909622183815531e-01,-2.470137600686609369e-01,5.259870219035330807e-01,-3.463459816812733405e-01,6.068228983637813378e-01,-2.478478189909662510e-01,5.137252536801840269e-02,-8.893193050485342921e-02
-6.911247397789534175e-02,-5.575598254212591476e-01,7.257871660011755433e-01,-2.723446208522635192e-01,-6.178542402310027715e-01,5.094992149319101937e-01,-5.238469013231940030e-01,8.625020040656607989e-01,-9.106220381893850302e-01,7.783704673278658559e-01,-9.046478493644408703e-01,6.201536719852608348e-01,-8.360503247164968732e-01
1.105394893021080405e+00,-1.578826402693443987e-01,1.834192934932017127e-01,2.313633143230784950e-01,-1.168567867557618323e+00,1.105445686960522034e+00,-1.167646294623498449e+00,1.442624046899438239e+00,-1.605017128114798464e+00,1.460101192448120422e+00,-1.446685531251866941e+00,1.335040264371213370e+00,-1.582642562924612140e+00
1.143200428045176409e+00,-1.261103261573836010e-01,2.509361348767246147e-01,7.138628434212828111e-01,-1.260568211127371718e+00,1.414227223143623480e+00,-1.038593489496314692e+00,1.457185610411315446e+00,-1.403030232583319936e+00,1.473391971315998861e+00,-1.345322846323960819e+00,1.308460007344150577e+00,-1.627439650628941248e+00
9.334199257641576652e-01,-1.994465403847447860e+00,1.876907894846357117e+00,-8.209247400955591023e-02,9.003142363783516178e-01,4.777446689298313065e-01,4.317947373215255680e-02,6.405923229801265828e-01,-3.051915297603614574e-01,9.286762257120576569e-01,-3.446152347838430385e-01,1.093149323709189158e+00,-4.429617009856268717e-01
6.826958420274865658e-01,9.903839985767520782e-02,2.945823685350552057e-01,-1.418959663797417226e-02,-4.093659111120725447e-01,-7.538406860461547287e-01,6.281072749709371017e-02,-5.956321772787366298e-01,2.414261373094094831e-01,-2.741632419850656976e-01,2.462096807802320320e-01,-2.579587613052310435e-01,3.119258968734115456e-01
3.859931134980752465e-01,4.892114538554609426e-01,-3.920382999244065858e-01,2.280611276381012131e-01,-9.754855920013832948e-01,-9.402496636739435809e-01,1.903446853684356288e-01,-9.732321829235599520e-01,4.755840374114509994e-01,-1.061042481356214928e+00,5.673912852985992794e-01,-9.995658377141523054e-01,6.385916233597807024e-01
6.796228770679649082e-03,5.402602388682107293e-01,-1.542888019837810321e-01,-1.709746442487952434e-01,-4.822785177119032207e-01,-1.144429955548060152e+00,7.281544430618760444e-01,-9.866336074350902097e-01,9.314723622303128225e-01,-1.045391181466803321e+00,9.614190673336949766e-01,-9.473504010030452394e-01,1.017357359794559324e+00
-5.796906903549691181e-01,1.711289029335000267e-01,9.785318397620159647e-01,4.800438112510076460e-01,9.408800204397913536e-01,-1.846947861346338371e+00,1.302907250977933362e+00,-1.086861452029514341e+00,1.645761635751268326e+00,-5.256776967531248124e-01,1.189345267587255561e+00,-1.405368061045566774e+00,7.300091095501848315e-01
-1.573564061217984200e+00,1.077299929179373450e+00,4.136932564980009830e-01,1.164147178512221270e+00,3.782526121548548947e-01,-1.046490732614605790e+00,1.223578932160544142e+00,-1.240109704511406230e+00,1.308287749610482109e+00,-9.812603604641201294e-01,1.265150273609068510e+00,-1.338048665551583527e+00,1.212218484701817811e+00
-1.826994883985579188e+00,-1.230774906587751572e+00,6.848845524432660703e-01,-2.702837563154922296e-01,-1.267917246957679656e-01,5.510630314644442418e-01,-1.781679420897221700e-01,6.296159802019503093e-01,-4.168721955700205872e-01,3.375827287214320238e-01,-2.757244454362537955e-01,2.212619291256331389e-01,-2.700801747728651808e-02
-9.335616969056886871e-02,-6.382123818752728495e-01,6.080519083227950983e-01,-2.624366723902373799e-01,-6.140723966357561903e-01,4.198716639468822454e-01,-7.190368349043834151e-01,5.144422595484032801e-01,-1.041169579046862248e+00,6.265221721203365624e-01,-1.002136117393384485e+00,6.034796042694652307e-01,-9.147718713443475647e-01
1.083704727118941724e+00,-1.796375807400261426e-01,2.472260589774254724e-01,2.961961859411502140e-01,-1.102932234318628524e+00,1.129620489731821609e+00,-1.396900842674719589e+00,1.321422081281375727e+00,-1.544618362530258970e+00,1.391475628424611921e+00,-1.441723551733840036e+00,1.482339785481262107e+00,-1.608941612025658774e+00
1.135796930728570686e+00,1.140317363667600059e-01,2.691557403606529841e-01,9.135927436488313624e-01,-1.077267428181002629e+00,1.258050522981614350e+00,-1.374145910044749952e+00,1.321572805006357321e+00,-1.423862305941980599e+00,1.362365328452841862e+00,-1.436930555352343264e+00,1.301057388421069438e+00,-1.684134367335573090e+00
9.271906653665762388e-01,-1.504281996590937087e+00,1.880858066679390372e+00,7.720867829109608060e-02,8.924723836641514918e-01,4.870769217145641816e-01,3.230741704586438390e-01,8.918700648114618046e-01,-1.270607627526268990e-01,8.051658252924415171e-01,-8.494420926608615696e-01,4.782750093642231248e-01,-9.986618591869281802e-01
6.753148726727887796e-01,1.762539310738575060e-01,3.687148169789181695e-01,-3.641249127332232827e-02,-5.551339493591823659e-01,-5.728468282262567657e-01,4.570608357599963423e-01,-3.517626370113652312e-01,2.033496260219253005e-01,-4.025825227552345953e-01,1.897099065315902555e-01,-2.655571293822827639e-01,2.777766341909577719e-01
3.821267302151131195e-01,6.121813011392992498e-01,-3.221877638681510669e-01,2.662957247906078684e-01,-9.880410881575907300e-01,-8.835918565877943776e-01,2.627548310175932822e-01,-1.025367726034360549e+00,5.121617415101864523e-01,-9.925915509971355855e-01,6.509541544058808915e-01,-8.980325179358588095e-01,7.687200435415277866e-01
3.585809913312025532e-03,5.593988367692366293e-01,6.601121041213263430e-02,4.590765207767225631e-01,-4.058262526520758917e-01,-8.423229910339641302e-01,9.555062822879957229e-01,-8.386972135432929631e-01,9.883009680659610163e-01,-1.119218059071517501e+00,9.767556464978021102e-01,-9.382967444161035564e-01,1.164738705634214222e+00
-5.810318227967186111e-01,3.636949923492501791e-01,1.045733864038698391e+00,1.093893200537214394e+00,1.267668293478426689e+00,-1.553923239312716920e+00,1.448317398385788657e+00,-1.152022471504733359e+00,1.342052435260791654e+00,-1.024064902230297003e+00,1.234422862949287270e+00,-1.071019370376812718e+00,1.467314196501193324e+00
-1.572833973251063888e+00,1.511005824964205768e+00,5.701472381930324795e-01,1.193029148812195794e+00,9.706364504390120607e-02,-1.111548945064926963e+00,1.415670113575670630e+00,-1.429416956472285616e+00,1.060147539882956735e+00,-1.354607768187008121e+00,1.224520180797009417e+00,-1.200414224673008290e+00,1.257705977246988516e+00
-1.815052310618562981e+00,-6.832650222063378909e-01,1.117643206558356361e+00,-2.007168651398711368e-01,-4.316949182672635277e-01,1.759452618764910103e-01,-1.498594574100929611e-01,7.227458420462417044e-01,-3.072175409934749246e-01,4.656528367303393590e-01,-3.678116729505131466e-01,8.730445866053725135e-02,-1.476655974200247745e-01
-7.267148407308451907e-02,-6.362713994514610505e-01,5.245536067464400265e-01,-4.145935281839030484e-01,-7.778211179140895881e-01,1.229532033778917566e-01,-7.765126511428090961e-01,7.028559802237589471e-01,-7.910384879007573700e-01,9.547770947930179775e-01,-8.858785576804097950e-01,5.748831922922386095e-01,-8.300713231543834780e-01
5.096383995131579248e-01,9.223752924946471143e-01,-6.225988504891384334e-01,8.529488572033520066e-01,-1.777755689082395119e+00,1.022233785823718488e+00,-1.674413154041815677e+00,1.197969702013882642e+00,-1.695606154817892897e+00,1.117385424959089768e+00,-1.570259164891541381e+00,1.116717708751423954e+00,-1.535638153892218583e+00
