1.203228024488118136e-01,-1.424354011606179027e+00,-2.437539044218954565e-01,8.519477912013960763e-01,-7.099888345819492796e-01,1.243906003055886167e+00,-7.268991153705929298e-01,1.721449711050842879e+00,-1.132654637181947255e+00,1.560658577631027999e+00,-1.187989489790644670e+00,1.826872196316046804e+00,-1.604302600967870029e+00
1.193771066713475021e-01,-1.181882405594626206e+00,6.026784337871667896e-01,2.470433770474063928e-01,1.854297810092999654e-01,4.041617001432344369e-01,9.269057621823595036e-03,8.055491124999855090e-01,-5.290157071748919915e-01,7.583860664220731795e-01,-8.119763992080896164e-01,9.568518503443617096e-01,-9.874284610178333255e-01
1.180768064465322481e-01,-1.148213088322553865e+00,6.935099875818927506e-01,1.318310947789161358e-01,4.336842054867742213e-01,-2.630573880994767633e-01,2.724807200753559533e-01,1.214236457703931765e-01,-6.487984925556400384e-02,7.975382613139162316e-03,-1.316813681947138770e-01,3.735496769877716394e-01,-3.441434839566769321e-01
1.165512667465073843e-01,-7.239866948055805329e-01,5.414846884293036400e-01,3.067852140411267969e-01,5.149583262535080141e-01,-2.637813718071448377e-01,1.004712354530085339e+00,-3.506148561455691981e-01,3.838039480460568864e-01,-6.560602386725519208e-01,5.146966497843236121e-01,-5.511403710243748533e-01,6.032182940595109955e-01
1.147079947917814396e-01,-8.324889513638288330e-01,4.357528474649260963e-01,1.752164021485433931e-01,3.512032054346105325e-01,-5.061709418559429130e-01,1.165287825287911305e+00,-4.620380738537818166e-01,8.690199733970228602e-01,-6.039744277859614430e-01,9.802469503709655418e-01,-7.539159706088954804e-01,8.082999790835222464e-01
1.121253310009043269e-01,-6.208097411899599072e-01,7.372306070150208557e-01,6.426092656231562339e-01,8.322140397336069695e-01,-1.572022092368231538e-01,1.681112686951952817e+00,-4.929851502118198781e-01,8.055207744908969847e-01,-9.978118820099484143e-01,9.188030947819412209e-01,-1.072296254615166200e+00,8.781899677006181903e-01
1.078331825807761768e-01,-4.657801703103367497e-02,1.083474719281429355e+00,7.502592337719927729e-01,6.677239656504834198e-01,-1.178638755109542302e+00,6.000865082692894426e-01,-1.274928503073900155e+00,6.082934584554013924e-01,-9.714758333449707850e-01,1.214315655403912064e+00,-1.002654541730615856e+00,1.149911098713728652e+00
1.003821282993057201e-01,3.821766940013161529e-01,1.405728251689085218e+00,1.012219892175849623e+00,4.522463027182363482e-01,-1.512945318455151344e+00,4.904036889688332956e-01,-1.180991895879975662e+00,5.632239199312821798e-01,-1.375225163612911139e+00,1.225543590901651658e+00,-7.286140970022476626e-01,1.621873571695580551e+00
1.092214500512040803e-01,-1.067965953480139785e+00,8.863137473976616665e-01,1.061252514974443395e-01,-1.165267009388980812e-01,-1.874427118416247262e-01,-4.689694601610740476e-01,2.487558343999137778e-01,-6.584261127612918152e-01,4.685123738556868922e-01,-2.977390820208013489e-01,9.409401216274986268e-01,-1.432663340359220487e-02
1.169646726627781713e-01,-1.146432032553795111e+00,7.584590067729864993e-01,1.451406553702463964e-01,-5.069973084324517348e-02,3.139676895024754999e-01,-1.993418401032285847e-01,9.938443399450506144e-01,-7.008395278145389540e-01,9.385616366288191958e-01,-7.423100815490938365e-01,1.405847151040253484e+00,-6.351132475690036694e-01
1.203970324481893339e-01,-8.592322678283978998e-01,3.022798911511351272e-01,3.658178247776137648e-01,-5.240283209247416085e-01,7.805934406172191364e-01,-8.640412966682534668e-01,1.456427810677871859e+00,-1.019242663526812809e+00,1.602332437359954120e+00,-1.287924276381206878e+00,1.695807445778173994e+00,-1.675387991567891088e+00
1.193887494099927643e-01,-4.892436967023003902e-01,9.733573777652099190e-01,1.314047870328672318e-01,-3.852327940239448911e-01,-6.112754797354993386e-01,-7.879262299786976564e-01,5.548922151591452190e-01,-4.417010785760911440e-01,1.018501909765878510e+00,-6.083757667797708990e-01,1.109369260010169889e+00,-8.996556735682609274e-01
1.181053803342576453e-01,-3.872437331019397133e-01,9.693917033504652059e-01,-2.654272427361669198e-02,-2.737241410203453684e-01,-1.480451983154573492e+00,-5.435826189684196397e-01,5.393339141059599190e-02,3.059322665582593359e-01,5.804260959720515256e-01,2.461286253234942212e-01,5.087493578482217282e-01,-4.450346234442222881e-01
1.165764579848062588e-01,-1.858673629139858396e-01,5.658437642032643211e-01,7.527853195732410463e-02,4.008566795155175250e-02,-1.303484258509111759e+00,-1.257846560935415581e-01,-3.213120320968561594e-01,1.046590780933739806e+00,-2.904342961505236298e-01,7.198897463510662842e-01,-4.060229014041165096e-01,6.253730346596207967e-01
1.147262770444790747e-01,-3.813861103870216929e-01,1.524732768252307913e-01,1.002739051747733069e-02,5.278920005537364180e-01,-1.166104372322685601e+00,-2.099133221042143171e-02,-4.532629666883850050e-01,1.476176342388810792e+00,-3.664298507242274572e-01,9.208529616392342465e-01,-8.080856497560227059e-01,6.390744944603274913e-01
1.121396124548948436e-01,-4.214923199941871812e-01,2.031403399952358413e-01,1.484178389440012902e-01,6.552384719983928019e-01,-8.795425023125001962e-01,5.175310917057531768e-01,-3.954400181380398616e-01,1.818180313625571642e+00,-4.074572635231042961e-01,1.060604027174641750e+00,-1.076040328490956988e+00,8.145589425075521195e-01
1.078479262395524163e-01,-2.008593275892415486e-01,2.079885578747076857e-01,1.959460022355436967e-02,4.484253635180414643e-01,-1.074098963275492702e+00,5.566018602534476001e-01,-5.275009203538880698e-01,1.662375796904956404e+00,-4.058904207876365411e-01,1.341413569016312257e+00,-1.066909718546892538e+00,1.119012262917769673e+00
1.004603236954623724e-01,3.842031471344009019e-01,1.906444184421860755e-01,-1.094259417833933490e-01,1.220764845649402325e-01,-1.286881107998971707e+00,7.441053624861226901e-01,-3.323949424617645976e-01,2.399950800824716790e+00,-1.091000697687051907e-01,1.313942011935864462e+00,-1.418509206416371793e+00,8.694874872520209630e-01
1.090846621288593249e-01,-9.055654397056764893e-01,4.136584949884388740e-01,-5.237495947178062439e-01,-6.147700075802654540e-01,-2.524087427675243411e-01,-1.026281098982284590e-01,9.150748727337338906e-01,2.619092387727962046e-01,1.188549156058377854e+00,-2.461266096421566851e-01,4.248873369907937292e-01,-5.254268733987945694e-01
1.168579080081574295e-01,-6.721166895348383852e-01,6.192646068190261754e-01,-4.376961260720320102e-01,-7.896996746131856870e-01,-5.943978632111731608e-01,-5.242827879862534957e-01,1.371118012528579566e+00,9.334859040380476258e-02,1.631115136367225160e+00,-6.313107623192119044e-01,8.883623495900651035e-01,-1.332353390113293790e+00
1.203355368663856229e-01,-7.721205062054796731e-01,-1.376158617541320406e-01,-3.211337311485116808e-01,-1.245386763042429568e+00,3.591066459011957868e-01,-4.443178210507967574e-01,2.424084000506883552e+00,-1.520378143813427008e-01,2.143633408069429702e+00,-1.010820060124426156e+00,1.656298989086718798e+00,-1.924352868091558255e+00
1.193671453128277576e-01,-5.808256150605018986e-01,5.468617627887308874e-01,-5.204329352790136864e-01,-9.877807647843579453e-01,-6.150070029365032331e-01,-8.138837646364410761e-02,1.454761274986639874e+00,3.230008973485403168e-01,1.339141918870168757e+00,-7.640387940582877846e-01,6.278641575709822398e-01,-1.504759952118742694e+00
1.180707451896731430e-01,-5.405236492976577267e-01,4.892604851062110627e-01,-8.862438048837429916e-01,-1.005593407745225099e+00,-1.154461464504349166e+00,3.613118674881992121e-01,9.539996442184549563e-01,9.638016221136539441e-01,9.555347086294097014e-01,2.827871008755741822e-01,1.494970684066582178e-01,-5.738744158196359413e-01
1.165437612022633129e-01,-8.353426044587329569e-02,3.864280629034854142e-01,-6.704580181150314733e-01,-8.560740954724638252e-01,-1.096030739467646953e+00,1.137187991412919930e+00,5.324928033750603307e-01,1.520349128640262837e+00,1.461731744009814316e-01,9.206232253052079040e-01,-7.192202499483271172e-01,2.267567187550156294e-01
1.147099391227512505e-01,-2.483544248145702071e-01,1.426636071390518512e-01,-7.324114191926286432e-01,-7.507827585274784443e-01,-1.232332429479724212e+00,1.187719073748377374e+00,2.565292049455294987e-01,1.721675891639467215e+00,-2.420619731781335424e-02,1.225227023811617411e+00,-7.386412687310284220e-01,8.695683491691021949e-01
1.121250247846893450e-01,7.094593726266436480e-03,3.789634887758546178e-01,-3.624759093181346148e-01,-2.885955224480871717e-01,-1.202969001293516582e+00,1.263846759551121579e+00,1.900136186611266122e-03,1.586338388417245504e+00,-5.198166540642618072e-01,1.041321863303800388e+00,-1.122535830478387009e+00,8.645820850760596032e-01
1.078387470333653092e-01,1.674096281288291466e-01,1.198544066269078417e-01,-5.123700292198186679e-01,-2.248819512529339759e-01,-1.342002064885994495e+00,1.135153336882774422e+00,-1.987398481181995580e-01,1.834324024381063456e+00,-2.148895740504225826e-01,1.536110042320985691e+00,-1.134995345854354243e+00,8.357653095349231176e-01
1.003875494129959356e-01,9.746622133513188624e-01,1.617012670526884188e-01,-4.237267020445235066e-01,-3.291289286938447467e-01,-2.088715195424771132e+00,3.345427600543264268e-01,-5.381931501781398453e-01,2.119342500396809381e+00,5.386156350962797296e-02,1.771401000796919645e+00,-1.469241810319084074e+00,5.888435685544622933e-01
1.092237422953350745e-01,-2.510635704825474601e-01,7.013460431643776527e-01,-6.844497685766254280e-01,-1.108112101930198934e+00,-9.962555584814235532e-01,-7.038208211444876294e-01,7.551338417580948370e-01,2.138757220525208114e-01,1.177700008616810790e+00,-9.849799092031708003e-02,5.776108276934937003e-01,-4.753100657255294736e-01
1.169706259259358921e-01,-2.539817941570832183e-01,1.619949442900842085e-01,-1.197731263699062687e+00,-1.370724205145603891e+00,-8.724838562675469866e-01,-9.087615068003276342e-01,1.085659916305804940e+00,1.074760822610159108e-02,1.772820698198035894e+00,-2.170573468331466471e-01,1.387420852876522392e+00,-1.107494056971139118e+00
1.204039113215449736e-01,2.769807740911784943e-01,2.209634276648260176e-01,-7.385390941510679985e-01,-1.881597593179847872e+00,-3.780179274877658036e-01,-1.682705735690158022e+00,1.017523936988893318e+00,-1.044580763692136482e+00,1.895852650029756337e+00,-1.140004629958904170e+00,1.410031161067417660e+00,-2.045337828267931091e+00
1.194103059084245244e-01,6.583242760398372306e-02,-1.317211109158776539e-02,-1.505602805726580229e+00,-1.449616645322608255e+00,-8.520791554348643437e-01,-9.126599152110015378e-01,4.730581000396139602e-01,-1.518809369382373986e-01,1.579917739632549667e+00,-2.926222156260818164e-01,8.026489242548715541e-01,-1.295254933048843426e+00
1.181107916221512122e-01,3.007665252049523952e-01,7.520049624354384343e-02,-1.641304329243301163e+00,-1.133224870080436375e+00,-1.246950820239723479e+00,-3.965833693799649673e-01,-1.570584481927478904e-01,3.674772621165797726e-01,9.920115920368399731e-01,2.974042179952711140e-01,-2.744483938206225548e-02,-7.823671677751773412e-01
1.165883433392283508e-01,5.417714400789896967e-01,-3.764533124461047486e-01,-1.768318767322478502e+00,-1.128787948876069258e+00,-1.085085763654279001e+00,1.945981054805779875e-01,-5.627566879988333826e-01,1.089070663553974638e+00,4.166478648533739615e-01,1.402442998451105094e+00,-4.979803509713920384e-01,3.447753257918664271e-01
1.147505936027098522e-01,7.164577129421022539e-01,-5.755063976738638010e-01,-1.803392404879378796e+00,-9.313716638008590065e-01,-1.289903637801201430e+00,1.734802166893363307e-01,-1.017661583556655147e+00,1.140085543046384764e+00,1.759063196527050899e-01,1.862106140849483005e+00,-1.180201061273866564e-01,1.147917155781228882e+00
1.121709731763695095e-01,1.229317730286676236e+00,-2.053796933054705953e-01,-1.562612748274888608e+00,-5.871160825819083939e-01,-1.265748107404797373e+00,1.235712464242613440e-01,-1.395926118965333584e+00,1.077082269459901154e+00,-2.654689477239648432e-01,1.785498668404583489e+00,-2.654495649361799381e-01,1.205008736357737753e+00
1.078950157763260559e-01,1.571116460017548677e+00,-2.754653427511791208e-02,-1.348355229508311437e+00,-6.657756030118611168e-01,-1.774020633218831078e+00,-2.556998628866756218e-01,-1.729707197766658933e+00,1.417150817889731629e+00,1.744619274749645010e-01,2.206714249669030181e+00,-4.420279231543409737e-01,1.346154295807520773e+00
1.005260919326253360e-01,2.105565352691631809e+00,-1.479483870160666070e-01,-1.455638311005619467e+00,-4.371885973265704495e-01,-1.296252632087324885e+00,-2.033925702747103326e-01,-1.699686145557018468e+00,1.813837511389148061e+00,2.518641748530506264e-01,2.050079004155278106e+00,-7.481649671379739797e-01,1.462131460746425526e+00
1.091042136286398123e-01,5.226999941066677868e-01,4.595753509593066832e-01,-1.192126577890685990e+00,-9.302901609921381265e-01,-8.262908299019564584e-01,-1.422477303743958421e+00,-2.357335795450287708e-01,-1.401891855276529153e-01,1.439242186349205754e+00,2.945112990303780931e-01,1.006602472361520118e+00,1.041538728002009834e-01
1.168882914187574090e-01,7.573157240179173577e-01,4.911463873141682090e-01,-1.268455228557242576e+00,-7.935924948572367077e-01,-3.798940411335804956e-01,-1.952152522134655177e+00,-3.920112273828049720e-01,-4.822300383180423422e-01,1.797796731913914758e+00,-2.180258527839364358e-01,1.752260501584934405e+00,-2.676852204029599447e-01
1.203638908927328888e-01,1.138916363308272173e+00,-3.824449667617674242e-02,-1.003010668729654054e+00,-1.114260932429993689e+00,3.340838825444755744e-01,-2.497812182882607424e+00,1.342102543458542629e-02,-1.286222598001273809e+00,2.034476353348467548e+00,-8.646298957584011013e-01,2.152093287142261335e+00,-8.068981964270298679e-01
1.194004117419009553e-01,9.115460827680411660e-01,-1.012484739635706454e-01,-1.334611198048852643e+00,-3.210151246102906364e-01,-3.724287107610617653e-01,-2.060155900379526894e+00,-7.239854979976209082e-01,-7.806754326330281879e-01,1.029417040913078729e+00,-8.209589713470940575e-01,1.365551313735699157e+00,1.886850645169218521e-01
1.180985053576701777e-01,9.711086867169754777e-01,1.868817575431286349e-02,-1.084779348298533064e+00,3.847296084809089800e-01,-3.277764135901893860e-01,-1.210967936122251842e+00,-1.288036025380490113e+00,-4.870201347881996101e-01,-1.249572978912613305e-02,-5.311573243442825332e-01,3.386608207896433242e-01,5.020490421071214238e-01
1.165730515099592107e-01,1.294430694788201164e+00,3.583973595818359253e-02,-9.362948453747491628e-01,6.399591489834104419e-01,-9.603981591019959685e-02,-9.542935379404744456e-01,-2.440065041397536216e+00,-5.427266804133147327e-01,-9.675629324985958180e-01,2.880365232257020569e-01,-4.825316487688583456e-01,1.227706065898554133e+00
1.147360505289068688e-01,1.471444480662336352e+00,1.549024078759692891e-01,-1.035506515999837340e+00,3.342638929091041877e-01,-3.489434632154208571e-01,-6.742852098396389104e-01,-2.499879962922867183e+00,-2.832035091248735204e-01,-1.240777101762204460e+00,4.601917496161408438e-01,-9.663893461228666437e-01,1.374919054252348838e+00
1.121419744011565578e-01,1.454263027349812942e+00,2.521193477332965838e-01,-9.486429720250711961e-01,3.097482911823357665e-01,-4.991586367487718112e-01,-1.931136103019511774e-01,-2.384519021283675766e+00,-2.366437959712241468e-01,-1.851292975765604698e+00,1.439569839886151170e-01,-9.269547079429981684e-01,1.776285023417504272e+00
1.078584214880633357e-01,1.338950733296569551e+00,-4.571732397661641412e-01,-6.827468399938203536e-01,1.199497951784165517e+00,-4.355091779457443968e-01,4.514001314751194260e-01,-1.913030222330567298e+00,-5.072953518092340186e-01,-2.017952755947550525e+00,1.008197302236241155e+00,-6.316801150863037284e-01,1.196446565444812649e+00
1.004198340364457764e-01,1.435114156877625780e+00,-7.880459888607735941e-01,-5.496767646304238086e-01,1.217335451866968343e+00,-5.046443274812609792e-01,4.987103775234353886e-01,-1.467800203066261133e+00,9.000164470262451977e-02,-1.697742790864215534e+00,1.126513968285390632e+00,-7.544721654349564322e-01,9.806532388759111596e-01
1.092207457611533844e-01,-4.776191372912197419e-01,-1.927899231218193343e-01,-5.514195183665491218e-01,4.134323634992252972e-01,2.495775603942447241e-01,-6.378775901766108314e-01,7.679443612245369366e-02,-9.334533208317732367e-01,1.897074050185657279e-01,-3.834775222661208072e-01,6.303862722296463827e-01,-6.347979153013295628e-01
1.169616159230018604e-01,-5.171610729782672999e-01,5.897304928064430740e-01,-6.174125837784265325e-02,3.571753254173487546e-01,6.046540159094863087e-01,-5.937366334454149408e-01,3.198468087022137696e-01,-1.161234275219239054e+00,6.557378098013354473e-01,-1.168116386409037366e+00,1.152068339229269434e+00,-7.820527480059802361e-01
1.204065814462459416e-01,-6.210643768096661965e-01,-1.113170992699693967e-01,3.908434638065196309e-01,9.093295714720492362e-02,8.872445624390452590e-01,-1.210418054851078562e+00,1.259754287387152560e+00,-1.498874846350432222e+00,7.933275170273853538e-01,-1.836612954228120209e+00,1.796846864174315606e+00,-1.434439435013491249e+00
1.194013500594080235e-01,-4.997099060008313165e-01,6.007393722554753568e-01,5.974752761607374785e-01,1.115890897894435740e+00,7.259759609268422453e-01,-4.102725942259778935e-01,5.144874232137747194e-01,-9.402359751826321332e-01,5.674481255840546634e-02,-1.478943131977679348e+00,7.526648702400567936e-01,-9.846162560006017639e-01
1.180992804361880727e-01,-3.808039477630851821e-01,6.836781561821333453e-01,2.639556288539181006e-01,1.095511087982725229e+00,1.133970555763787191e-01,-2.190525144213893716e-01,-3.562585757284408849e-01,-2.792016966649829013e-01,-4.481847496053962820e-01,-7.652135938064962284e-01,1.961704533354279301e-01,-2.893983928064261524e-01
1.165812240551112877e-01,-5.828188059993610892e-02,5.716357022745348626e-01,4.643925722775820164e-01,9.651586209560836238e-01,-1.381170941393559670e-01,3.052809398002083729e-01,-8.809215057359651713e-01,2.522236431495618603e-01,-9.193532599138516392e-01,3.601621778402686047e-01,-6.185544744903557213e-01,6.892326550186095302e-01
1.147420718625719177e-01,-1.309035681748126900e-01,3.730410999266035588e-01,4.946780297933406345e-01,1.123612011261260202e+00,-3.098587305772715905e-01,5.416078733949936108e-01,-1.145378084281162279e+00,2.344311141812129295e-01,-1.233948160536774363e+00,4.219617330222373841e-01,-8.697178158238139112e-01,1.034338336846209572e+00
1.121489972131299584e-01,2.161204840686101747e-01,6.405491368772373573e-01,5.170164549388038822e-01,1.081856444942807638e+00,-4.328007997534896178e-01,6.537075778584974239e-01,-1.423182561139528790e+00,2.666221835466467405e-01,-1.408533985962046042e+00,5.958875955368392319e-01,-1.093189195011231352e+00,1.024668603571369019e+00
1.078500956104272990e-01,2.637796147759542409e-01,8.852204264059606587e-01,7.318396612378779142e-01,1.416994142631981646e+00,-3.920286504275111161e-02,8.241924939583377130e-01,-1.498094843922154862e+00,3.185919458529273829e-01,-1.305714802381309214e+00,5.645535788856704817e-01,-1.443791568931514613e+00,7.367644196501931253e-01
1.004564830375774681e-01,5.327598020390135192e-01,8.330559401519322948e-01,9.088210161142382670e-01,1.696836286792446247e+00,1.486339228761791031e-01,1.106937529727495928e+00,-1.356424412961123371e+00,2.704172271828484408e-01,-1.412591971243061018e+00,7.946947433165711949e-01,-1.474431153363376268e+00,6.234756365891052088e-01
1.090778822853185615e-01,-7.476310169912018244e-01,8.528115946083629773e-01,3.613538882834342325e-01,4.755780401334118168e-01,4.798966742554172105e-01,-8.415003050233954562e-02,2.078463632671501415e-01,-9.943374049728491704e-01,5.209839592471061931e-02,-1.013411953581285996e+00,-1.167975675283228904e-01,-9.241428695608056021e-01
1.168621485701340224e-01,-6.122912912039338851e-01,1.051298271926962569e+00,1.892942742534216849e-01,-5.275195362672543270e-02,2.853329214932682767e-01,-2.665740776364303732e-01,5.278310574114053466e-01,-1.450514432919105756e+00,8.653912810888511609e-02,-1.670848346049730315e+00,5.508604014750737576e-01,-1.372293498187123317e+00
1.203410249151259520e-01,-2.578293127337956681e-01,5.661192920927032857e-01,5.909670143594469849e-01,-1.270807714393530907e-01,1.194571248494402216e+00,-8.615554227962288758e-01,7.226046817568446690e-01,-2.235047359189033855e+00,4.630222057367373578e-01,-2.113373035281883361e+00,1.170983776299721724e+00,-1.949453359751254888e+00
1.193703593720964878e-01,-2.727500519786890676e-01,8.791494539359080429e-01,1.218208019678737458e-01,4.105426736872979099e-01,8.739434356400164194e-01,4.345751930008481811e-02,4.083927520988601956e-02,-1.720094696316138538e+00,-1.233703404807876547e-01,-1.513399146098717063e+00,4.607346242269995673e-01,-1.217758206559970802e+00
1.180792752002196161e-01,-1.910333613027009325e-01,8.874313065464659589e-01,-4.486825156091801825e-02,3.869671850201505947e-01,6.472374354786399053e-02,3.459044836223386099e-01,-5.751537258008475595e-01,-1.109130056107395568e+00,-7.147382127244306105e-01,-8.221092717820006612e-01,-8.156910795080314636e-02,-3.298412130153245414e-01
1.165546227401133700e-01,8.459545785653188599e-02,1.048933232393512327e+00,3.906832900790314644e-01,5.070672811371853550e-01,-2.036601119924618120e-01,7.716378110937820445e-01,-1.050039266458720144e+00,-4.496611985165516745e-01,-1.346805561832426612e+00,-5.644333143649269552e-02,-1.021569241762115166e+00,2.772349406611503975e-01
1.147132287711088022e-01,6.371375669054930857e-02,9.331272112013644371e-01,3.284406949108166218e-01,5.064316500505989804e-01,-7.135575035768339236e-02,1.413122840421891624e+00,-8.460323507765659112e-01,-2.108128614098484233e-01,-1.696157440786896897e+00,1.483242063287181223e-01,-1.317021149440404049e+00,4.448215583236629911e-01
1.121310825607670786e-01,1.630977269835571508e-01,5.241135304301849374e-01,1.425514432466369330e-01,8.742218270667785340e-01,1.728605007468136945e-01,1.740972436354505826e+00,-7.768519076799311751e-01,5.416430203265101828e-02,-1.887898155866238437e+00,2.047928592171870676e-01,-1.515565084473910806e+00,4.545397032737762411e-01
1.078484055080898146e-01,2.908271723891883709e-01,-4.201811879358052781e-02,-1.836872064794009829e-01,9.682611164746673937e-01,3.477817397725589399e-01,1.889175948047371323e+00,-4.927495765649360648e-01,6.967965656235193261e-01,-1.598746672468383645e+00,3.532214187960793783e-01,-1.515271502356626110e+00,7.851076958525439187e-01
1.004252423078492162e-01,7.163048990684552919e-01,-6.908312928549716903e-01,-3.538858506091875911e-01,1.516621012400451773e+00,5.058481585569802874e-01,2.042051910093020339e+00,-3.666375969650713107e-01,4.971283052407938774e-01,-1.824131709917961253e+00,2.252683928893788601e-01,-1.762546443719178679e+00,1.071574695190393722e+00
1.092307974045055446e-01,-8.843627809545457907e-01,-3.202311629745243637e-01,-4.609186749996088128e-01,6.797058839681756615e-01,1.137233166923969252e+00,4.874006390941885147e-01,6.125537541492813709e-01,-9.927180746976322911e-01,-9.524620877331332891e-02,-9.030087370495091248e-01,2.068949578689550373e-01,-5.534318808624139052e-01
1.169822879263497234e-01,-6.147145864399361503e-01,-2.987097429595932385e-01,-3.688865806352678023e-01,8.055736220514259083e-01,1.014851901551908409e+00,2.230279087583083436e-02,1.150338856472124638e+00,-1.038139501915426477e+00,2.077107663816764316e-01,-1.451216802140736117e+00,9.177407819425515978e-01,-1.186236962103218717e+00
1.204245761856105601e-01,-7.121975098450739061e-01,-1.204181689131439859e+00,-2.075265725559253538e-01,3.191908676537587586e-01,1.537609038597489208e+00,-3.151778435983562110e-01,1.810500447704089577e+00,-1.338516329180554854e+00,8.955102823280010060e-01,-1.779224320693201244e+00,1.829039517170414353e+00,-1.242311090334419221e+00
1.194096628790813214e-01,-7.328463548700824282e-01,-8.533175865161412021e-01,-4.792008709425905622e-01,9.488993724330323509e-01,9.209237450276921422e-01,1.033959457130989024e-01,1.135050114343275185e+00,-4.676045363719502079e-01,3.066713731801535281e-01,-1.280585321484826178e+00,9.410545798722718125e-01,-1.037586197222086337e+00
1.181091166667133374e-01,-9.532213536524387631e-01,-1.135458816077079769e+00,-7.606358524124191556e-01,1.274877330745548099e+00,7.687818456161281677e-01,8.212866812446666387e-01,5.105396962432380281e-01,-3.352528213438718541e-02,-2.332897397369645964e-01,-2.987763877773644827e-01,6.130516343814106373e-01,-9.522549888829670572e-02
1.165726127274938212e-01,-6.353794576486776480e-01,-1.148299429777007052e+00,-4.139106118125243650e-01,1.332952946734174970e+00,5.266661403764464344e-01,1.037032880979266158e+00,-8.468402608018482658e-02,7.031002400067464242e-01,-6.923762995515704288e-01,6.772738404137640389e-01,-3.654511445646863033e-01,5.086858078293871044e-01
1.147320555260462893e-01,-6.582394122492033484e-01,-1.339525164896306686e+00,-6.179539897613584021e-01,1.236553122300739105e+00,3.344441288015132518e-01,1.371896352628461102e+00,-1.022612594501301209e-01,8.764280384629294929e-01,-1.079208657016942130e+00,9.361629311365421424e-01,-3.187399489457136137e-01,1.056877118817849848e+00
1.121461876944573333e-01,-3.824175096515223804e-01,-9.775039541989722913e-01,-4.343308187253233643e-01,1.188210062036521242e+00,7.995391559682064886e-02,1.473709843352183357e+00,-1.417122702051488436e-01,1.160353040463915741e+00,-1.180575719580666316e+00,8.196518623086026523e-01,-5.919771775363352750e-01,1.516954636635654996e+00
1.078594274895255806e-01,-3.658485642583610975e-01,-1.004332577476032551e+00,-4.968289380247255527e-01,1.111781563395103589e+00,4.560514677021044322e-02,2.048403895540964470e+00,1.115904809285059827e-02,1.159368850551552699e+00,-1.156912772153703584e+00,1.013000221970546733e+00,-8.840453306244605569e-01,1.442800530930529179e+00
1.004810162448373373e-01,1.522460510059637229e-01,-6.410351452554687857e-01,-1.770559782796839177e-01,9.283224322423156982e-01,-7.988052772540474300e-02,2.006528954774256857e+00,-2.471537769201651580e-01,1.171768545926210381e+00,-1.139178076623323488e+00,1.083391499375845113e+00,-8.678718108910996598e-01,1.276038956760011667e+00
1.090676830568835243e-01,-1.181236372337415741e+00,4.067367403377410151e-02,-5.260309179669506729e-01,-7.834102669215048387e-02,2.400681917581360125e-01,2.744566196553047677e-01,9.953428712460773431e-01,-3.641476869905239111e-01,3.415377634174715515e-01,-4.995324957045602643e-01,8.228648197795102037e-01,-2.152429446141244651e-01
1.168524194292567681e-01,-9.070342471200266710e-01,4.512909569680919608e-01,-4.801176043122165615e-02,2.017536616031030960e-01,3.410515841984913532e-01,-4.381498459520679623e-01,6.794919329471195146e-01,-1.033788025255661713e+00,6.008700340533489337e-01,-9.670554575163889943e-01,1.251740088068142187e+00,-9.951019140379973038e-01
1.203318486080754285e-01,-7.211957781935764977e-01,2.053976093619941656e-01,3.161517653093895430e-01,-4.547621273108667928e-01,7.081123301956662175e-01,-1.237668089379680980e+00,9.088613120762827347e-01,-1.685727398830362933e+00,9.969705008072039520e-01,-1.532466856168085201e+00,1.914415313499683080e+00,-1.343151561675980821e+00
1.193711310100767226e-01,-7.576198767491004737e-01,6.874207075810636614e-01,4.306792148931049558e-01,4.097099223562223891e-01,3.029348907466343221e-01,-1.128143622304417781e-01,5.221632805768676722e-01,-1.130962807361435951e+00,2.094750101328291814e-01,-1.154428791653377750e+00,8.697302085613761724e-01,-1.042624843266721557e+00
1.180765545778775377e-01,-6.104137354966168161e-01,6.003291083652222415e-01,-7.101800918549072694e-02,4.370404871406540770e-01,-1.409871399900521072e-01,2.833873955329351269e-01,-6.598637387600382598e-02,-3.065871815901892172e-01,-1.176717949719979783e-01,-2.505624587555785876e-01,3.640714867499491025e-01,-3.386393999484246797e-01
1.165550993663107271e-01,-4.207135422205650066e-01,3.792573566801165641e-01,3.293539754833300637e-01,8.782903685715207631e-01,-2.733927975268556354e-01,4.336245608254818973e-01,-6.384598684845245176e-01,3.418154508455807927e-01,-7.881692837475291480e-01,2.736843253521046848e-01,-7.198519731888386453e-01,5.785790960993097976e-01
1.147115959465579704e-01,-6.614833626284816193e-01,-1.260849823533697345e-01,-7.601718536439640295e-02,6.622077101971516333e-01,-2.663709588615542079e-01,8.069413339276114705e-01,-7.536204096183665158e-01,1.022847332171332280e+00,-3.758343333794818553e-01,1.176835585658344563e+00,-5.745587744337621317e-01,1.192203538814675001e+00
1.121299640397061398e-01,-6.057116305533246647e-01,-1.108673169503880396e-01,4.102251020912118379e-02,1.186179093864272005e+00,6.779177145034440133e-02,1.239777480147210564e+00,-2.985292328946529405e-01,1.625737487133315229e+00,-4.433451774540054791e-01,1.038332985193994862e+00,-1.122976389752280646e+00,9.253898825210967738e-01
1.078450867540412528e-01,-3.860357327534769678e-01,1.406745829560987204e-01,1.298051629623195313e-01,8.920140390437115707e-01,-2.544645884979113704e-01,1.191348960117973421e+00,-8.846209419092334603e-01,1.231833391258478461e+00,-9.243587052079501598e-01,9.675031057787427669e-01,-1.233290783086042008e+00,1.008296740636541511e+00
1.099457092343549269e-01,-1.258521641585378381e+00,-6.117065938923128832e-02,7.059387975817573713e-01,-3.235919964264917792e-01,3.527968958534840604e-01,-5.272283693983094433e-02,4.521004973158999074e-01,-3.918066158594002424e-01,1.768633755436569699e-01,-2.865226098051499859e-01,3.330882187265610857e-03,-2.258216596231938378e-01
1.161296580463609396e-01,-1.274212691889566207e+00,7.651522977926734914e-02,7.806433331885361815e-01,-2.008727770492837461e-01,6.493968585342009270e-01,5.402705819396023262e-02,8.737041456271872342e-01,-5.537995124596127861e-01,5.571652422446663477e-01,-5.867344847464626145e-01,5.238669471466050886e-01,-7.529987599572462997e-01
1.205048527493144117e-01,-9.495235017768861585e-01,1.207920830550661684e+00,5.367123907711091046e-01,2.436931162054524480e-01,1.152632188221276222e+00,-6.058793611911232890e-01,1.372521561361644826e+00,-1.355611001433538076e+00,1.299687197462117583e+00,-1.655298285660921076e+00,1.264837624850811082e+00,-1.979632672257547021e+00
1.178026869349677458e-01,-9.408048221051645843e-01,2.277067667563348052e-01,9.148462386169471383e-01,-2.793967388271136887e-01,1.196695483591469600e+00,-3.748169517405624540e-01,1.196966343860915494e+00,-9.773911882248559335e-01,1.073121582180787792e+00,-1.173129001966253471e+00,1.025556433811952273e+00,-1.549182808777487708e+00
1.083334955836178642e-01,-1.130447238709002544e+00,3.808197572220862748e-01,1.226860253627969799e+00,2.441707540207921634e-01,1.547400303124905063e+00,-5.286710680146816665e-02,8.935805434132796377e-01,-7.184275621342000040e-01,7.127402167661681665e-01,-1.017794365755950725e+00,6.789578195026194640e-01,-1.053759002818182244e+00
8.076415410788573279e-02,-4.372785129678248284e-01,-9.044795960352011721e-02,1.641648897485894931e+00,-2.490624987851426664e-01,1.489367786203724453e+00,-4.630823681465022212e-01,4.654233663318024794e-01,-4.440207709068575426e-01,1.182378263114559208e-01,-4.349366334591042715e-01,-2.865147677924774761e-01,-2.677831669677049886e-01
-1.642215757436336779e-03,2.268596210828651039e+00,-2.357304308590718822e+00,3.379897684585603912e+00,-9.587463543701926216e-01,3.293197393461606559e+00,-1.650780668926303596e+00,1.247834488345290316e+00,-7.926242255952683502e-01,3.999790071566867167e-01,-1.035071922196442840e+00,-3.991018203668149078e-01,-1.242035776399228186e-01
8.713388157462096609e-04,2.798612827503852429e+00,-3.075789535315823109e+00,2.977701688144466452e+00,-2.108323886286175508e+00,2.699294060566855169e+00,-1.729248597269285703e+00,1.243705994991076036e+00,-9.402016270890515282e-01,4.805836723971800284e-01,-5.675855235074446226e-01,-7.205328736586622852e-03,-2.408383989676805836e-01
-6.929315138122398195e-03,3.075756308342339818e+00,-3.564952653940706817e+00,3.121872301562750085e+00,-2.647488196956981454e+00,2.625684409453384216e+00,-1.650115151373554800e+00,1.196070124737756757e+00,-9.171049928138675922e-01,2.630418534227215721e-01,-1.644324941405966856e-01,-2.291992921784408166e-01,4.859625126880333379e-02
-2.305921629294899883e-02,2.333562573595358902e+00,-3.647294693772497709e+00,2.420353086058288028e+00,-2.955236651498778677e+00,1.741801689105655360e+00,-1.797582315200915160e+00,7.312205721385622859e-01,-7.795256542455771820e-01,-3.107558982747702925e-01,-5.749040623867974174e-03,-9.808874123996719208e-01,4.493244399388098276e-01
-9.868016937636143737e+00,2.403957091497940013e+00,-3.703185227609897545e+00,2.450763024516825705e+00,-2.973774903549027293e+00,1.753755782199017066e+00,-1.804758068006363292e+00,7.350991375744018175e-01,-7.819652431147116056e-01,-3.090915595151983442e-01,-7.122633444978121800e-03,-9.797212564667835411e-01,4.483699122071831411e-01
-6.490256120950839147e-01,2.991586184855671515e+00,-3.050087476375854756e+00,2.584288478085952967e+00,-2.885931137682482994e+00,1.888665230595361511e+00,-1.748347664659453793e+00,7.957466344550996329e-01,-7.978562039627722369e-01,-3.065674561174781543e-01,-3.783309321723770519e-02,-9.742890239003114683e-01,4.437986944461133065e-01
