9.365887056572849145e-01,-2.859569939376656933e+00,-2.034304131859612230e+00,3.223030350583925063e+00,-7.425722747958755088e-01,1.395419565425121800e+00,-3.647158042108130660e-01,8.118656141050079045e-01,-3.062167838779900619e-01,5.297975992928396494e-01,-3.698468862187219708e-01,6.567985949037847826e-01,-4.200892130175713501e-01
6.842367051522640908e-01,2.064557753997552647e-01,-2.508417926763065881e-02,-3.599288108968920485e-01,-2.108821094088724757e-01,-5.386538041131671006e-01,1.434820706414960401e-01,-4.237128588463236478e-01,1.182550547015900483e-01,-4.179401187143455543e-01,3.249348756753495104e-01,-3.427053254911666125e-01,1.316876492716125557e-01
3.893345789943323809e-01,5.994636748733336296e-01,-1.272738742165524295e+00,1.044139573216866165e-02,-9.348213836016844303e-01,-1.053259328730443700e+00,9.007441462257901807e-03,-1.085013851954867103e+00,4.092776553873008205e-01,-1.111013271773893640e+00,6.490739599713590824e-01,-9.329641082729166479e-01,5.490377931463683581e-01
-5.830170678001947090e-03,7.976780467385906626e-01,-4.125826318499510870e-01,5.422960506736789199e-01,-4.378872599517374953e-01,-9.944129353077342248e-01,5.786895953564170636e-01,-1.387640918451443106e+00,5.951183353694536882e-01,-1.159211068190976857e+00,1.098117506116306652e+00,-8.799670941860987528e-01,8.656732029644578219e-01
-6.118924253978244021e-01,-2.322156410500034740e-01,6.721140258837111914e-02,-1.296252907332853699e+00,1.095018248719263898e+00,-1.117610171816366016e+00,1.912360401590599279e+00,-1.107499011526899668e+00,1.191014809900985405e+00,-9.815301826834453847e-01,1.310122160907253974e+00,-7.183550310888368040e-01,1.034327981393728724e+00
-1.614924126253029835e+00,8.040101855988294188e-01,-6.417880856483475505e-01,-5.829235360168295577e-01,1.433043863840025300e-01,-1.035404939231761690e+00,1.445746115164194601e+00,-9.042166196596778116e-01,1.451272980744499286e+00,-1.042521674948535093e+00,1.076617156759039684e+00,-1.241235607310425371e+00,1.297116009532874648e+00
-1.839716913346518545e+00,-1.701159570763957296e+00,1.175275946418060241e-01,-1.707624600810838889e+00,-5.802043471609550362e-01,-4.884856998674130292e-03,-6.708004254279029688e-01,1.549707533091109757e-01,-5.194819898927581781e-01,3.716230783927992887e-01,-2.474791273842333605e-01,2.809186351641583812e-01,1.243179564998060510e-01
-9.328134265316398444e-02,-8.512979995635480135e-01,-1.845840369171072581e-01,-1.474847846739229196e+00,-6.438356425546781781e-01,3.469018347894406440e-01,-7.905462436064547571e-01,4.907394854550454766e-01,-9.301453871906705251e-01,8.594416129077777633e-01,-8.483561754161592638e-01,7.537705933292877525e-01,-8.582970225950499188e-01
1.080981884910986901e+00,-4.221024895881826389e-01,-5.455417358847618470e-01,2.425672585337363962e-01,-1.128945728202531695e+00,1.265679319241583167e+00,-1.456235516009394937e+00,1.234252056741853787e+00,-1.528573308211156334e+00,1.431276390950882771e+00,-1.459508212090754542e+00,1.605516579991547177e+00,-1.365832021197178392e+00
1.133351545791586368e+00,-1.235289082763782048e-01,-7.092686833104356880e-01,3.292718235287694223e-02,-1.372055511199061328e+00,1.773138455859508689e+00,-1.103978074006464194e+00,1.570253982203884346e+00,-1.302267824294812248e+00,1.470760697671212869e+00,-1.386345395919373225e+00,1.347670300715561709e+00,-1.349812147316744593e+00
9.274296191709078263e-01,-1.645063050848849073e+00,2.277269240713560183e+00,-3.557356938325765272e-01,1.150376017717727573e+00,1.892664147265964714e-01,3.712394101897719678e-01,9.199120556091783252e-01,-3.137934402772749598e-01,9.681989725210968789e-01,-3.477109575423340537e-01,8.866409429867653236e-01,-8.286205848149776898e-01
6.771821709060295014e-01,5.349138264754964289e-02,-3.112376475311647850e-01,-7.777937447174514407e-01,-6.034211746332943660e-01,-7.956145765482358634e-01,5.881800678103941277e-02,-6.393839309085576073e-01,2.043436075826305098e-01,-2.673876704591235942e-01,3.749376243260963970e-01,-1.852812338462473118e-01,2.131634842167524080e-01
3.853624471762969184e-01,6.077065490645167101e-01,-1.454026761363117703e+00,-6.063276029856869975e-01,-8.724110643955196309e-01,-8.232814501642220506e-01,-4.926584297526592250e-03,-1.109608765653818940e+00,4.904152571954675244e-01,-1.052899293654758539e+00,6.527543938821114278e-01,-9.752582025585969649e-01,6.686735519191119304e-01
-1.855576086256052271e-03,6.674632772031610095e-01,-6.274810159592146830e-01,-2.086768903752226623e-01,-2.352190210624282296e-01,-8.519593106972567220e-01,3.759194016453485387e-01,-1.384031924369505617e+00,7.575006066516404291e-01,-1.022284591610649773e+00,1.091847746324625223e+00,-9.249546795814330702e-01,1.066953015322993803e+00
-6.003498836250746873e-01,1.621160924427520744e-01,7.789175564989783140e-01,-6.773482074602812375e-01,1.446953663654971356e+00,-1.907444310597752768e+00,1.549598425194572027e+00,-7.218481025666947382e-01,1.416140982953559169e+00,-8.177206007141906152e-01,1.173547808931165726e+00,-1.179038911285519520e+00,1.134844605049560862e+00
-1.603239602005967823e+00,1.219564375097318409e+00,-1.245379483415350597e-01,1.262327384374272166e+00,8.837775937181913122e-01,-9.230458702684376515e-01,1.449803379834041284e+00,-8.704973250001217799e-01,1.265879195691923975e+00,-1.256401986570828244e+00,8.318761170332199528e-01,-1.683923075687463911e+00,1.025879789855825619e+00
-1.816137747658227442e+00,-1.105571563890042741e+00,6.772914538274195095e-01,-1.366920814327794886e+00,-4.338370701178476813e-02,3.330873314774800420e-01,-5.241562932670661423e-01,5.501677799078708020e-01,-5.190259862835613358e-01,3.766723560363424705e-01,-3.004741241077231173e-01,-1.726346360005660135e-02,-2.126766708556709906e-01
-6.616219065797857013e-02,-6.733827145259192459e-01,1.455141579872353264e-01,-1.391739384646275557e+00,-5.490299029735599134e-01,3.108772962261580064e-01,-9.249538222004811683e-01,5.790362417371982540e-01,-9.958898058813956400e-01,7.294877150564329504e-01,-8.678752318713540692e-01,6.583453426470222691e-01,-8.759927491955735723e-01
1.103676648616460421e+00,-2.406276774009910024e-01,-5.712554001922841573e-01,-8.443645987101123795e-01,-1.411570758446331730e+00,8.999858465196871604e-01,-1.761249822829261236e+00,1.294562525555111643e+00,-1.571189334737971288e+00,1.314100024994407034e+00,-1.424431616547658042e+00,1.534363665225660256e+00,-1.521313756101658754e+00
1.140806900589422135e+00,-1.817964900928945304e-01,-7.198672452575856084e-01,1.118060195060985446e-01,-1.377013850918662241e+00,1.511282199957846961e+00,-1.463883159662066724e+00,1.453496675188093334e+00,-1.337177501387769807e+00,1.169399332070487629e+00,-1.610695303656504818e+00,1.295444141407079197e+00,-1.430735688090442270e+00
9.332329868866586775e-01,-1.749476440125816712e+00,2.378176688284499463e+00,-6.841348132744176080e-01,1.448493271468860755e+00,9.440747779661985417e-01,2.931470022897252337e-01,7.016407892598862661e-01,-2.892357640285109222e-01,8.210771721327635442e-01,-7.210461074416674165e-01,3.899467710078754479e-01,-1.238771188442563842e+00
6.830859771661498270e-01,1.637141465304329524e-01,-3.404153442838024346e-01,-9.761602017322830172e-01,-3.268686519808542412e-01,-5.889988458227374268e-01,1.103863882918321021e-01,-5.663546565591612847e-01,5.268270488684948655e-02,-5.010881342012137862e-01,3.712672265236652835e-01,-2.238640265744370750e-01,1.286645957801737239e-01
3.883592141613764759e-01,5.108155800342014663e-01,-1.298046489487617583e+00,-2.242992215708127790e-01,-1.022625565480245635e+00,-8.045739232482564951e-01,1.736830158214732189e-01,-1.010192807591606234e+00,5.055081378469068465e-01,-1.014035771277130404e+00,7.096352742672469294e-01,-8.308901542294230280e-01,8.503760553945722833e-01
2.604213375025905917e-03,5.917634123827054671e-01,-7.258581248022883958e-01,4.301598408297481746e-01,-1.433382762245999087e-01,-1.366718119884294147e+00,3.876491450930761307e-01,-1.162142496781557677e+00,1.052764636099577045e+00,-9.146483519216704883e-01,1.013585718829170590e+00,-8.609575168931336009e-01,1.098449538441777840e+00
-5.944443575765587795e-01,3.089518132025392827e-01,5.848589943677261482e-01,-3.416328413438154410e-01,1.285062108944043269e+00,-1.642385348606110629e+00,1.556897280328758626e+00,-8.576930444212079729e-01,1.331293829589175415e+00,-9.957539358359155379e-01,1.146605795897941427e+00,-1.139666075723564598e+00,9.182596823524405982e-01
-1.596512381833451455e+00,1.084646968671444833e+00,-5.822592118706483300e-01,1.099951223606444595e+00,6.592697277093967356e-01,-3.059956598175037068e-01,1.821175783956110017e+00,-8.511732511178332627e-01,1.331895450807604853e+00,-1.396044228052363945e+00,1.151964966406015423e+00,-1.316042111040302887e+00,1.166505652071280652e+00
-1.831050582032106799e+00,-1.091080326732639882e+00,7.131492109837332949e-01,-9.224999304509119424e-01,7.080348995979074411e-02,9.407620533652691908e-01,-2.596954096210829857e-02,6.461522442201169669e-01,-5.692770582966496518e-01,2.781249516424755819e-01,-3.199294679174968237e-01,1.684419924330733120e-01,4.362894896816743584e-02
-8.789152905552823081e-02,-5.073893177241306507e-01,3.704233278055520384e-01,-6.352660061781204570e-01,-4.402186627468299696e-01,5.023028556931727895e-01,-8.784672822998206287e-01,6.177933633876823150e-01,-9.042015693635345741e-01,7.633438686670844797e-01,-8.609688892297404639e-01,6.705229916048337513e-01,-7.654718931043187347e-01
1.082378223706452758e+00,-1.883985111112116972e-01,-3.707969533369964155e-01,-1.630529069025662692e-01,-1.466064396311958840e+00,8.070281503734317852e-01,-1.557296860441050645e+00,1.273930285067141455e+00,-1.637906445769306663e+00,1.209457287146295856e+00,-1.601950322315376818e+00,1.474415333502809178e+00,-1.617247026012561539e+00
1.134437810164055094e+00,7.857100521266489890e-02,-3.916563584824203081e-01,5.328318455159640754e-01,-1.374105758671312794e+00,1.607534024685884244e+00,-1.190918302064545964e+00,1.584407821745110079e+00,-1.304044480021071095e+00,1.332950253774338734e+00,-1.549388872720476318e+00,1.239160566134032582e+00,-1.592283118791965046e+00
9.278208554009330644e-01,-2.100444820555589232e+00,2.118283601070624744e+00,-7.523735805979606672e-01,1.127916073583774326e+00,-5.497886831504367189e-02,-2.453474789119448538e-02,9.183733172044588056e-01,-1.414642725012862645e-01,9.367733201536173615e-01,-3.848370773167187342e-01,1.034048158155355335e+00,-7.035413516697357483e-01
6.789541284967692825e-01,4.603879565131437368e-01,-4.621136960744071653e-01,-7.766592667808162043e-01,5.715082627869406962e-02,-3.524549335303742703e-01,-4.429107506534424310e-02,-5.541538013980022992e-01,3.605592059797151916e-01,-3.217610182616127412e-01,3.535500215336491170e-01,-3.573242340359944480e-02,3.113389721586016234e-01
3.863719872671841915e-01,1.005108308167699249e+00,-1.629869296405902945e+00,-4.872537715291561100e-01,-7.280764388059363101e-01,-8.588972936065935038e-01,1.312962162763923746e-01,-7.369093736979148712e-01,6.544525379446255453e-01,-9.987284826870113097e-01,5.979642414888844959e-01,-8.218150380840316682e-01,8.762565326727477233e-01
2.177548699848993064e-03,1.625427275731049503e+00,-9.602129229891208650e-01,1.206529759895140080e-01,3.906982656331906001e-01,-3.804772885616922173e-01,7.779899441776747526e-01,-1.024350655317803227e+00,9.377269910876540049e-01,-1.272747514118842904e+00,8.095756309327000189e-01,-8.394283039770545907e-01,1.226965201203402911e+00
-5.892124447830255907e-01,1.738519749474107590e+00,6.598724881625458449e-01,-2.042087404021934116e+00,1.022964665099685311e+00,-9.424099895703901275e-01,2.184371260387385938e+00,-5.309368947695569663e-01,1.346039006158401330e+00,-1.320241974511975558e+00,8.734482398091200084e-01,-1.221378589043817797e+00,1.587249064041166946e+00
-1.588089045936437405e+00,2.158150046852477910e+00,6.351452142450617622e-01,1.846915429655298313e+00,8.758387076680759220e-01,-5.470972737407451270e-01,1.354265942215523433e+00,-9.767602707758480385e-01,1.133563041664519266e+00,-1.402632926507098476e+00,7.726386086001892917e-01,-1.903201950947690957e+00,9.878197679843314649e-01
-1.809414721552340843e+00,-9.197936916183152567e-01,1.172651423225472334e+00,1.046430257358708232e-01,3.495608052191482296e-01,6.946956576098533009e-01,-3.201918384026863351e-01,7.720450321457698051e-01,-3.727671605472915317e-01,2.994578118157689706e-01,-2.894527331675503246e-01,1.645615262783428900e-01,-1.103249935238623108e-01
-6.535305938806086623e-02,-3.303168848966013260e-01,4.521243729834919511e-01,-8.408164110681877190e-01,-2.710151860523186129e-01,9.599903782778429484e-01,-5.452618227536148998e-01,8.483950662711097213e-01,-8.219382357848340481e-01,7.816596135534100709e-01,-9.193006638123107921e-01,7.872752548011213714e-01,-7.460413768588161076e-01
1.102332062301012883e+00,-5.271257997277517537e-01,-3.533450495233366184e-01,3.655632374973994403e-01,-1.233871462725796064e+00,9.704412763151198940e-01,-1.321126231082150326e+00,1.686379425992641234e+00,-1.411975644050784018e+00,1.382996244804324260e+00,-1.443992815911103733e+00,1.549185619875651287e+00,-1.594858017615049972e+00
1.141027860644434400e+00,1.767889754229700905e-01,-3.343611205421807564e-01,7.668116089958256776e-01,-1.010560568198208387e+00,1.800193364900434023e+00,-1.228318277695203742e+00,1.489885836417279563e+00,-1.444369438157510066e+00,1.288527038350042453e+00,-1.421384656731748075e+00,1.368182757027919250e+00,-1.458807896096883994e+00
9.335424544278833059e-01,-2.289573949702789157e+00,1.669502604900129805e+00,-1.466337347296287619e-01,1.854209750447092464e+00,2.356763639230944063e-01,-1.008779694211924850e-02,9.584989557972759533e-01,-2.468296139463797834e-01,9.807983243932880679e-01,-3.541986478660289483e-01,9.723920024601763190e-01,-6.672675992396177591e-01
6.838399964907794226e-01,5.838101601951841690e-01,2.797290044570905909e-01,5.653127047889828782e-01,1.544426844299990609e-01,-5.124607035612583905e-01,5.040627641048007340e-02,-2.801792219435922382e-01,3.638227938799195038e-01,-2.814681956079070901e-01,3.853868524483577973e-01,-1.583099434305829112e-01,2.956230167397553843e-01
3.894517671302979989e-01,7.484546765885482511e-01,-1.275845468129643834e+00,-6.261869766598339437e-02,-1.004761278532211088e+00,-9.573436376654880231e-01,2.286539523108465505e-02,-1.053163127373253571e+00,5.476222306125196893e-01,-9.438845164316890246e-01,8.009831725998004526e-01,-8.048675147674091424e-01,7.987527199678460255e-01
7.350402229096426529e-03,1.055812576499164379e+00,-1.279068786945592728e-01,9.770028531057275423e-01,5.795650095777407640e-02,-5.999452707907458882e-01,6.292019660313362683e-01,-1.050012903420523447e+00,8.811730758215009507e-01,-9.776970798958267705e-01,1.121595329577292466e+00,-9.220475191972431483e-01,9.607319870322543753e-01
-5.856840463011852016e-01,-4.084686929121614241e-01,3.199238903117548882e-01,1.045756062265433606e+00,2.222222126709492596e+00,-1.080305161980576134e+00,1.528683372989655842e+00,-9.216437119609932616e-01,1.819919656403783614e+00,-9.976150535408947473e-01,8.160876040547117016e-01,-1.190916217494854656e+00,1.124369406171384922e+00
-1.583484209892860317e+00,1.287412216560210654e+00,-5.156801674158668913e-02,2.146350063687283427e+00,1.197369421279804502e+00,-6.896653611516587734e-01,1.235788715774940760e+00,-1.069277854792309412e+00,1.320570131517594392e+00,-1.345485992853359125e+00,6.911188413890094751e-01,-1.523409010192555257e+00,1.059438358691109805e+00
-1.826361833038639526e+00,-1.266643484070701264e+00,4.084045076648237238e-01,-1.394438788088440129e+00,-2.255158370658901235e-01,5.533455916407808983e-01,-4.480221897923352126e-01,3.305645657894857314e-01,-4.449693542608698649e-01,4.286410205600966195e-01,-3.098217740265832298e-01,5.437872250643636940e-02,-6.955516151218620047e-02
-8.841079215714488237e-02,-5.740736374916247664e-01,4.033403344351500497e-01,-3.114658265281559646e-01,-2.957624613092779686e-01,4.260428239268780892e-01,-7.053912347737042454e-01,7.548131014079390022e-01,-9.861351580305222075e-01,6.339220494314640186e-01,-9.227236680271269087e-01,7.400463651506783425e-01,-7.705695118351256756e-01
1.082821961447332448e+00,-3.691620154398780329e-01,-3.795840528131932401e-01,-2.288096048778829883e-01,-1.326635731710151367e+00,1.038704103370195808e+00,-1.508061736548635956e+00,1.341950220588335574e+00,-1.492671836166800547e+00,1.360428071083784607e+00,-1.529455410187650743e+00,1.627322575489133172e+00,-1.448658980371172911e+00
1.133968939063037640e+00,-2.244760348174715536e-01,-6.702991593649669788e-01,3.258458012469832021e-01,-1.281133812346970435e+00,1.728603556775176520e+00,-1.010321976467267513e+00,1.608800978245296776e+00,-1.402661712178889797e+00,1.215245575894178254e+00,-1.488852363304844717e+00,1.356418656865657324e+00,-1.554580394415624900e+00
9.282113893779638802e-01,-2.281735236205204576e+00,1.922522886031521772e+00,-1.343123746128160878e+00,1.091667038761477526e+00,5.946293953035308721e-01,4.145804258240765039e-01,7.994977835649537123e-01,-3.205319819640065626e-01,8.006159531872731883e-01,-8.059726970674359059e-01,6.700191975640760189e-01,-9.019816030312668431e-01
6.794545222709011956e-01,4.585864670390692871e-02,-3.737520761923136536e-01,-8.573576878750139851e-01,-4.750946894218939787e-01,-7.768975145268436355e-01,1.033767345760896461e-01,-5.455106081986270672e-01,2.196186712111240780e-01,-2.201912214699041082e-01,3.709816683540992921e-01,-1.575506416989056468e-01,2.808845387726947584e-01
3.868656038346761084e-01,5.953713339546308214e-01,-1.593672129622722977e+00,-6.344825338331673281e-01,-7.371454271503019573e-01,-8.556102274302520572e-01,2.819560015900350256e-02,-1.152982468196963817e+00,5.294546216634334890e-01,-9.115351181517241663e-01,7.444586394631975690e-01,-8.348070329938808154e-01,8.213612241277740145e-01
8.567608578610568307e-03,1.056565250441318549e+00,-4.681938299713956919e-01,9.330915901002485580e-01,1.044177303942314394e-01,-1.182739987484718203e+00,5.156891670306872344e-01,-1.060057281968638687e+00,1.011495770209907219e+00,-8.645618634310711093e-01,1.168073938268224587e+00,-9.004824530478034994e-01,9.492419169744990004e-01
-5.808126804258610942e-01,7.742098238258937615e-02,7.573539869813911141e-01,1.053031918139161638e+00,1.886218512771360212e+00,-1.146996204614441961e+00,1.327871616705548652e+00,-1.291133481658192306e+00,1.766443717990746842e+00,-6.795200600379421862e-01,1.349163013391334820e+00,-1.166632301639216607e+00,1.134900425829021398e+00
-1.576529015218261609e+00,1.879581945995415948e+00,3.461774399548890879e-01,2.431828809971478655e+00,1.170589394353757529e+00,-8.739258631362750718e-01,1.566098512595841541e+00,-1.249665792241572149e+00,1.089593652020028225e+00,-1.392577641171695690e+00,1.047511322557815427e+00,-1.311343366689549095e+00,1.251579640123115844e+00
-1.802895916839793999e+00,-1.130940650554519422e+00,5.253384792715036777e-01,-8.851924231786068020e-01,-1.793399694207627459e-01,2.343235197357518562e-01,-3.424063780741695151e-01,6.428738251443604224e-01,-3.054816536187414111e-01,4.974338856953005039e-01,-6.032583698431134150e-02,4.298671405661249612e-01,-6.294255821978406683e-03
-6.078586443145189699e-02,-5.096814708820951445e-01,4.339355547587483430e-01,-3.422729169095632407e-01,-2.701930979638107466e-01,7.500231151524747730e-01,-4.456425357263095188e-01,9.065186831489864261e-01,-9.021588278665816363e-01,7.185218705195001165e-01,-9.120658535754027074e-01,6.806482832419056272e-01,-8.960654896976301131e-01
1.105808405951078655e+00,-2.689998268780285362e-01,-3.199813467106922271e-01,3.230111756030709658e-01,-1.182666367573026678e+00,1.188150720146991191e+00,-1.462455454293221102e+00,1.351992688615985871e+00,-1.502009634395967019e+00,1.409194465148376985e+00,-1.481184253805779782e+00,1.545267793358703345e+00,-1.461348255207161051e+00
1.140576818546170212e+00,-7.889262242015658566e-02,-2.759158816318817431e-01,1.089272958214885234e+00,-9.717261382419365434e-01,1.787318179392638928e+00,-1.177159260911940120e+00,1.482569630574370079e+00,-1.520263968063897853e+00,1.246944368692180616e+00,-1.419639799774439659e+00,1.336595361883411881e+00,-1.431141036521697218e+00
9.325447073234385265e-01,-1.145283614864927246e+00,2.624136274549649706e+00,-8.323851041155173602e-01,1.496360925295197042e+00,3.155548976758870694e-01,-1.561763136792583273e-01,1.026152543130733230e+00,3.350457802928625650e-05,6.822333572791070555e-01,-8.562583594942044796e-01,7.691663033554613227e-01,-6.134050458330819744e-01
6.821660641525206792e-01,1.691371294249970347e-01,-2.548622266110450174e-01,-8.339575152934043389e-01,-3.176167236626736834e-01,-6.693923716986507344e-01,3.332197863066903298e-02,-5.425065196557031788e-01,2.331109570055276692e-01,-2.000738461066314533e-01,4.931739507073254480e-01,-1.465209326901117937e-01,3.336221644984813661e-01
3.892611170601150139e-01,8.907455079680522969e-01,-1.218251413897926128e+00,3.697927720629840542e-01,-6.427603884154954317e-01,-6.302083037128469734e-01,1.934769478527359754e-01,-9.483414778906918974e-01,5.626094997130783870e-01,-9.903260056166717229e-01,8.036395652867003303e-01,-8.462012892236634443e-01,7.408360720423602386e-01
9.988300791789601202e-03,7.314082633261791422e-01,-5.561225717045772399e-01,8.204546180328858851e-01,-1.939509658163933170e-01,-1.290817057008436741e+00,5.780081397057426074e-01,-1.141858328031976066e+00,8.846445426396799538e-01,-9.047569456329790372e-01,1.242343586895675145e+00,-9.965004311926713987e-01,9.316254186835153384e-01
-5.807815464863023136e-01,5.658880738234016716e-01,1.063872050970191552e+00,1.568643568716627801e+00,2.125767909951036927e+00,-9.796938062820416127e-01,1.561671643334478388e+00,-7.921203881441964967e-01,9.668861675576914116e-01,-1.731234779172460270e+00,1.254966860016058394e+00,-7.928061512528167265e-01,1.245544369384700367e+00
-1.577456238604867389e+00,1.009023862028480378e+00,-8.258736808676655494e-01,7.798755830160518654e-01,1.244871770112333298e+00,6.570651783397936374e-02,1.675712314392624025e+00,-1.098016131761986092e+00,1.029029273534750599e+00,-1.530343757136848559e+00,1.096167792231220739e+00,-1.282060925442372046e+00,1.209393496701292481e+00
-1.818858429813356326e+00,-8.945336773274015219e-01,6.858217610273324993e-01,-7.631367515070436314e-01,1.604765127960388338e-01,5.966940131132582037e-01,-5.550542888341796210e-01,3.160347097790668913e-01,-3.892069931617725409e-01,5.519490323268441134e-01,-3.567280654204406654e-01,-1.190977138157527648e-01,-1.071956336490987316e-01
-8.642138602837472205e-02,-9.614507926749602529e-01,-9.636904190140913040e-02,-1.090630622444751063e+00,-6.596414475599730043e-01,6.769665235471657161e-02,-8.820164817849185379e-01,7.622234481269457573e-01,-9.620926493447152783e-01,5.133450999820909910e-01,-9.991998751415545055e-01,6.698796475548174367e-01,-7.338369978380128167e-01
1.082790008452477748e+00,-5.718970683511983566e-01,-6.030227259385306793e-01,-3.970146578762397405e-01,-1.376181207948199425e+00,1.002335639112884147e+00,-1.616937608344765298e+00,1.265696228077290542e+00,-1.511836075613998576e+00,1.430541507584973893e+00,-1.450861126584881866e+00,1.461788043333908771e+00,-1.505892975236905018e+00
1.133259895598833555e+00,4.489165943524795616e-02,-4.210091439739245267e-01,9.196576163036837004e-01,-1.037128958082334407e+00,1.793972086765914131e+00,-1.284432940920438249e+00,1.462396510687025142e+00,-1.360709084205335317e+00,1.345056528495615744e+00,-1.530623875360382691e+00,1.366066280581099912e+00,-1.416979957078608354e+00
9.284017641695226919e-01,-1.518484530860796600e+00,2.457603890399204349e+00,3.321793995458992010e-01,1.590808386651892947e+00,2.712419002194760842e-01,-8.370321753952904287e-02,5.727972079341572265e-01,-3.660459023669648260e-01,8.326779358547480303e-01,-5.796898195281852129e-01,6.845854533433862743e-01,-9.539489248470974792e-01
6.808173411054537771e-01,7.928886800871386420e-01,3.271635398308890275e-01,4.647994250781757875e-01,1.777446248157359479e-02,-6.419049826392493330e-01,5.082670627002342650e-02,-4.591918774109521872e-01,3.292077390516665036e-01,-2.334218754664895146e-01,3.839912302922622866e-01,-1.910365618964215695e-01,2.504639379064336757e-01
3.877507061658183041e-01,5.833175821950548068e-01,-1.398992947100279105e+00,-1.186288196484716270e-02,-6.073762168091817459e-01,-6.014276214950868837e-01,1.480886288449474453e-01,-8.094255509151379036e-01,5.999412740325087423e-01,-8.987063713415623933e-01,7.803452458903542555e-01,-9.868813968011710402e-01,6.924947054412299297e-01
9.036007833802225594e-03,1.524298949307892004e+00,-1.491659497460000317e-01,1.359294805734947875e+00,3.347006534639209718e-01,-9.955087981127839214e-01,5.558056632343487680e-01,-1.088656991688568443e+00,1.023535155157242027e+00,-9.353737813532211343e-01,1.172657347376267145e+00,-9.307359121849838601e-01,9.149782478278079001e-01
-5.749757197453488899e-01,7.840248767209830882e-01,6.715922006365580010e-01,9.847291864624124758e-01,1.819201867882813239e+00,-1.820104324973889742e+00,1.374233090127333856e+00,-1.120009260271428664e+00,1.625313919973017551e+00,-7.267744542188250279e-01,1.445372561337831652e+00,-1.005343396191041849e+00,1.176405577427134475e+00
-1.565735156053488009e+00,1.997572627257751865e+00,4.953877514368431045e-01,2.238007610303784478e+00,1.333338111143808291e+00,-2.772163917244946374e-01,1.230564901698246949e+00,-1.222880935804028235e+00,1.159074428397226963e+00,-1.394209321364313858e+00,1.247909050368831929e+00,-1.213144879216354166e+00,1.289944904552356553e+00
-1.801110894331801049e+00,-7.479610806375113219e-01,1.066455803005321945e+00,-1.263889949243249267e-01,8.449560940368054662e-02,7.953186325171403004e-01,-2.692263034249240961e-01,6.646761871775601627e-01,-2.826181329459737657e-01,5.291237150406293832e-01,-7.767358432719656536e-02,3.176424461492776685e-01,-8.090866938337208658e-02
-6.561544015731216040e-02,-6.316826118788849698e-01,2.459492039147807840e-01,-1.114161156946684272e+00,-4.139326162605332926e-01,8.616990494834462222e-01,-6.348328564536355190e-01,8.465620599028454984e-01,-7.676038839192047547e-01,7.353658156109700306e-01,-9.130019513098890371e-01,8.274056395444596701e-01,-6.120674842986502107e-01
1.102376813661531951e+00,-6.911006515630542524e-02,-1.308808187949674351e-01,6.348814184553052131e-01,-1.054642874241269679e+00,1.508295680161490182e+00,-1.206422977960456944e+00,1.414444521267610888e+00,-1.483892434336905097e+00,1.548986314089464633e+00,-1.464452114911904967e+00,1.450596497752452363e+00,-1.477001406857551435e+00
1.141452888947928290e+00,-3.009627362120615990e-01,-7.749522282584927479e-01,8.741954648840633002e-01,-1.042047924268023396e+00,1.660840580314072223e+00,-1.413083888144207156e+00,1.367747498538791850e+00,-1.397708519066583444e+00,1.362650444308997955e+00,-1.346199322875593074e+00,1.519529014386217236e+00,-1.373088751165865595e+00
9.330882408701252073e-01,-1.443814814710535854e+00,2.161016097885477105e+00,-9.069862534910699825e-01,1.649125575090745421e+00,4.533668300381448746e-01,-1.220825088498056765e-01,3.384953284463433354e-01,-4.657090003484185559e-01,1.241951156349912155e+00,-3.100455796936258945e-01,7.893313041227095761e-01,-6.157673045187227467e-01
6.827364906517623400e-01,2.841529082540450446e-01,-3.885899735865016580e-01,-1.088255616406210047e+00,-2.613757687394287488e-01,-9.126381091648732014e-01,-7.423916491460924583e-02,-6.033584802183745710e-01,2.421047987321520156e-01,-1.896447056291383770e-01,3.885957589672771606e-01,-1.185178216236399407e-01,3.270480020996607284e-01
3.894405025536214482e-01,7.822591486121678317e-01,-1.269243891425570370e+00,2.169652850137621658e-01,-7.426821865879900120e-01,-7.452097031379778524e-01,7.649556799557671871e-02,-1.043312463078651664e+00,4.398610617098090425e-01,-9.324517063382099513e-01,8.819197960616309562e-01,-8.442052279696112826e-01,7.664763390484865546e-01
1.103838873079696255e-02,8.296604398009542747e-01,-8.111132825447240347e-01,-3.052730768695522956e-01,-6.968197949774770916e-02,-1.015781195523687730e+00,3.303072944629620311e-01,-1.226635901119427441e+00,1.009613412226226359e+00,-9.183568342093725301e-01,1.102762212531171571e+00,-9.727148998605686936e-01,9.569288427954332210e-01
-5.729049943849433557e-01,1.003906073016986422e+00,1.365701691806325391e+00,1.578169437404787434e+00,1.580077129527291513e+00,-1.362513724066772403e+00,1.566688596784176823e+00,-1.222974755936377278e+00,1.196350503848949254e+00,-1.266911914650973969e+00,1.247094201401798275e+00,-1.052752085205008070e+00,1.146023402618032705e+00
-1.566542985221541784e+00,6.382658728324641650e-01,-6.846360597968077499e-01,1.108708528423107076e+00,1.063687659837887045e+00,-4.380437869882709556e-01,1.626670047697387433e+00,-8.453936968161804844e-01,1.353945635743823317e+00,-1.239081555555982206e+00,1.184236639295141336e+00,-1.182457062072528764e+00,1.351947270117927591e+00
-1.816420186242992285e+00,-5.843394143907572058e-01,1.099541750360468972e+00,3.261187946930490522e-01,2.268271289695390422e-02,3.674000175341560204e-01,-4.081273951480106632e-01,3.900582699850329571e-01,-3.669549408653590694e-01,5.314288058385073787e-01,-2.484294819636519436e-01,1.825994737785181510e-01,5.858835919599722497e-02
-8.686694490360227783e-02,-6.660392305187614603e-01,2.157837986309273648e-01,-8.740327520428866626e-01,-4.043302686190181072e-01,4.052793273135443242e-01,-8.562194804902496514e-01,6.755892951700700477e-01,-8.996962536976541580e-01,6.859871628345470818e-01,-7.778105514659542363e-01,8.974715506469261861e-01,-8.411444200591972065e-01
1.083651965275329143e+00,3.324833325031329584e-02,5.286318375360598426e-02,1.117845544527733548e+00,-7.488547786783602556e-01,1.471491709658578007e+00,-1.512751226339405841e+00,1.385296252902391334e+00,-1.390428343555721424e+00,1.468673820491680271e+00,-1.482484366080805582e+00,1.450078253762109526e+00,-1.479351134812558310e+00
1.134780664327636801e+00,-2.806563115999441416e-01,-6.309130573308645573e-01,5.935638610474481824e-01,-1.044080704911615198e+00,1.767339325279708273e+00,-1.363448292626513902e+00,1.440635293555633245e+00,-1.337307200471467228e+00,1.352589496984051731e+00,-1.336239924017720737e+00,1.544946420139934773e+00,-1.385484949284208733e+00
9.282068018111934160e-01,-1.432902599525113674e+00,2.510464619850008017e+00,2.855006997491379983e-01,1.599668917867487439e+00,7.051748186416602060e-01,6.060910808069766564e-02,5.805743507387658431e-01,-1.992330629990360091e-01,8.910862379803753397e-01,-6.046958274347848938e-01,8.428155903764845691e-01,-8.854262364385934170e-01
6.784596457741463027e-01,3.352935604237173295e-01,-8.881067385144138238e-02,-5.135375630064037411e-01,-2.533289609203248083e-01,-6.387468046345055050e-01,8.278929997740942792e-02,-3.717137606581652487e-01,3.609131139660135545e-01,-1.524046205879729665e-01,3.770521425306739838e-01,-2.435653275721072486e-01,2.808056137304799083e-01
3.850902470131156163e-01,6.247360164054004406e-01,-1.395418727937535852e+00,-6.276616187296536475e-01,-9.286954733882044621e-01,-6.683654965687083616e-01,1.867089127872036958e-01,-1.109894650431617391e+00,4.832679775899595964e-01,-8.929287510652863524e-01,7.824424905259071972e-01,-8.277041256135370118e-01,8.380870425652543476e-01
9.181372551800315654e-03,9.535772538329514436e-01,-4.356722191365400287e-01,8.518955580263910810e-02,-2.964730346864013488e-01,-1.320417156235339062e+00,6.555490220339881269e-01,-9.459027815661518179e-01,8.918046699006656475e-01,-8.717708284745780967e-01,1.144510791898679436e+00,-9.521687616046335956e-01,1.076959184731323127e+00
-5.737047529723132699e-01,-1.718262285192599104e-01,5.601629630618875089e-01,-2.209477967610143645e-01,1.295740843561090205e+00,-1.491697320391844661e+00,1.819191346342510673e+00,-9.262331500203057066e-01,1.506299264613041089e+00,-6.217972043658956949e-01,1.697339908361318761e+00,-7.611461229707117138e-01,1.118018344349284154e+00
-1.562823467364266472e+00,1.715868136073635641e+00,-4.404021943379815562e-02,1.147095921361211079e+00,1.091916910197399559e+00,-6.411456466633451701e-01,1.238447444606696202e+00,-1.269627948885980517e+00,1.123543564654290172e+00,-1.308945511550113627e+00,1.170195690491210527e+00,-1.302529960462760705e+00,1.339551088721182781e+00
-1.798079595944487075e+00,-1.146838206608513211e+00,-4.533890537636728335e-01,-1.900053819617700368e+00,7.104600416776489791e-01,1.010248343650651304e+00,-6.951790238646621267e-01,4.389305118589366672e-01,-9.474402430453342239e-02,6.645690238256591886e-01,-3.401389601498707727e-01,9.768832013311308515e-02,1.221345982461690405e-01
-6.317619774413674172e-02,-1.738719497144931847e-01,-1.644302905249765134e-01,-1.725595770053040434e+00,2.902148852584842120e-01,1.444925394290429210e+00,-8.588742530695158139e-01,5.873080643731563022e-01,-8.014859921054204861e-01,8.239250893923288910e-01,-9.538462779008431980e-01,5.285666208292864043e-01,-7.850986658844568700e-01
5.140825154190501456e-01,9.493970521349953673e-01,-2.402450145925508984e+00,6.459010428423578309e-01,-2.052895903616799522e+00,1.353222043805645258e+00,-1.849272154792243938e+00,1.053842997376094770e+00,-1.754581149842157961e+00,1.021632838314772362e+00,-1.488548273186188098e+00,1.334057182771922978e+00,-1.387171707215673289e+00
