7.481338298667868925e-01,-8.396249299068643257e-01,-1.114626937650911032e+00,2.054804359984395479e+00,-1.513692793031108819e+00,1.856905618223660959e+00,-1.301830459201260837e+00,1.685647913379460849e+00,-1.229213356491007936e+00,1.554966714874571831e+00,-1.341259423794953776e+00,1.513151915392453750e+00,-1.564211300161585161e+00
5.730912436107790109e-01,-1.364818440867129778e+00,2.224924832622719784e+00,5.120815873832124110e-01,9.322263559485688411e-01,6.451654547087594116e-01,3.073748113294449968e-01,1.334861257411727120e+00,-2.722996979700867404e-01,1.294965599170134984e+00,-6.157305415527963843e-01,9.104012250778589221e-01,-9.751395913852444197e-01
3.218564814423157672e-01,-5.361084268676303832e-01,-2.835305584935393086e-01,3.365221518983970150e-01,-5.924937581880643789e-01,-3.115356702502610209e-01,-1.658922036780688114e-01,1.803397953244069984e-01,2.661448935517475925e-02,3.981900701807103982e-01,2.446991517849619602e-01,2.329013516595015154e-01,-2.421671361764332897e-01
4.934887060214487170e-02,-2.511319913845378449e-01,5.692241858702573598e-01,6.065288825929392447e-01,1.408667260249607811e-01,-2.145694920636413427e-01,8.269245443834539744e-01,-2.015366269296537671e-01,7.581608690238307302e-01,-2.089897409480429569e-01,6.772268439974845622e-01,-7.226025180077445542e-01,3.530667534002969732e-01
-2.632855475769431131e-01,-1.976508815387488238e-01,2.401958380756183953e-01,6.218247782940382606e-01,8.495803581021459105e-02,-7.763929528665914903e-01,1.227983355530534837e+00,-4.330871757448475079e-01,9.393890056712961290e-01,-4.610639047111438904e-01,9.126849390000351114e-01,-8.386544911929134649e-01,7.650949121773912287e-01
-6.831107182404303479e-01,-2.167515641493465151e-01,-1.046565833182582450e+00,7.319008627303459358e-01,-7.663603964410166391e-02,-5.641626064700099308e-01,4.823770030006889753e-01,-5.293847815847887439e-01,1.074528772943288857e+00,-5.865589021561420369e-01,9.364094588230262861e-01,-8.987833823348324591e-01,9.610557836934539022e-01
-1.344945848315638681e+00,-9.499669776711193447e-02,-1.302953793920883063e+00,3.389107915448829611e-01,1.488339541924230680e+00,-1.519645961953213775e-01,1.978026053913372939e+00,-3.876830386303100062e-01,1.286745040891980274e+00,-6.638389133183469903e-01,1.549164666720681760e+00,-4.879313461870707913e-01,1.080574515572413574e+00
-2.444879848025259150e+00,2.886853774089191416e-01,-1.821823983523469082e+00,9.335981624319595884e-01,6.913216721003884180e-01,1.210897560527540717e-01,9.077570459475329256e-01,-3.931780381052500939e-01,1.008523097842567218e+00,-6.926968516230966877e-01,1.375058324729534931e+00,-7.108407236994692679e-01,1.049899234590707442e+00
-4.966596846239304530e-01,-9.002218918504519829e-01,1.618861953915626539e-01,-6.921619249783480532e-01,2.539400518782966021e-01,6.692249370738434511e-01,5.693877760436354130e-02,1.197092420344197938e+00,-5.814739317701309584e-01,6.351155374802345266e-01,-4.322239958890240485e-01,9.387989847654897302e-01,-4.771004129499229474e-01
5.962505717146694417e-01,-9.790790905402666500e-01,3.221432692380351015e-01,-2.442417791874743616e-01,1.275148497805629055e-01,1.040062286028446970e+00,-3.314782843702466786e-01,1.040147554583408462e+00,-9.341780036885232175e-01,1.201058593005320807e+00,-7.139738578216964227e-01,1.509353454976567477e+00,-1.114753505429690428e+00
9.259666075129634466e-01,-2.395055685430438619e-01,-6.683916321113523296e-01,1.214675798483760172e+00,-1.491191858744165044e+00,1.118869665199202279e+00,-1.758054392283191270e+00,1.461420376349438222e+00,-1.284813078844599055e+00,1.536586203806530548e+00,-1.398846144189753726e+00,1.430281489188870214e+00,-1.901374967362194024e+00
6.934235830697500491e-01,-1.167517506646602810e+00,1.737600039262862106e+00,4.317225491340722088e-01,1.063743140184977287e+00,6.741434255554170640e-01,5.028564456049138265e-01,1.150849757866898138e+00,-3.932850757542767917e-01,1.172004081641021100e+00,-7.711284961261422044e-01,9.393800272105555793e-01,-1.227692139370726521e+00
4.389568668892500081e-01,-5.894072084257292454e-01,-5.147771174105661984e-01,1.990299719404212686e-01,-5.450145275905777797e-01,-5.084529712012061942e-02,2.095526129712793895e-01,1.414118380076460624e-01,-1.782789638168662261e-01,3.511184669801630798e-01,1.849557818895598005e-01,2.371665682684807042e-01,-1.236137903158633089e-01
1.656015428556009139e-01,-2.865406544225972962e-01,3.601887467925369291e-01,5.825530417948141526e-01,2.479645419776539961e-01,-4.435590963781397278e-01,9.575166779683915719e-01,-1.768407977273909470e-01,7.165926917572619237e-01,-2.418032660935854616e-01,7.202515542759829748e-01,-5.474426267724180617e-01,3.285395551366625533e-01
-1.475489263096882997e-01,-2.528539701175412935e-01,4.009850188894590328e-01,5.258189679897228297e-01,2.311230394712046610e-01,-6.183112292075515493e-01,1.343154743677854368e+00,-1.476129866776598187e-01,8.350243671583501559e-01,-4.947680700928883679e-01,1.100353755806635192e+00,-6.797760922943926198e-01,6.311514967841874713e-01
-5.665959656609506068e-01,-1.557582359806727601e-01,-3.411445677215076966e-01,6.312103786743662459e-01,-3.532864354142271623e-01,-5.182711306506575522e-01,7.621930393004985316e-01,-3.471637144956074561e-01,8.879490650633921067e-01,-5.277363813373805446e-01,1.204278397970617087e+00,-9.319492138605639520e-01,8.325790825413182938e-01
-1.227126819926235513e+00,-3.702771583427438840e-02,6.132718095471204611e-01,9.532505976416736360e-01,1.413700568080844544e+00,-4.773514935952281046e-01,2.195666580945461632e+00,-1.757970900312449958e-01,1.275354137247380670e+00,-6.622187530425103219e-01,1.326627571471451050e+00,-8.935413115914859761e-01,3.577987965547851923e-01
-2.324627308709608986e+00,1.820820769116202886e-01,-7.334885486250545261e-01,1.179498612221052012e+00,4.313284205687548112e-01,5.166305538115578688e-02,9.318037963639796972e-01,-3.909880743927986874e-02,1.293180501011962358e+00,-4.914569229577049336e-01,1.496873863571178909e+00,-8.112255092477805851e-01,7.791917719202344772e-01
-4.223088283762158612e-01,-8.897789493708477826e-01,9.443280292733128300e-01,-1.619712838341052230e-01,5.102297784807939829e-01,5.748463764852986824e-01,-2.807604554719020928e-01,1.124660665014643346e+00,-1.255783007370835647e-01,1.017206193532729230e+00,-4.333371833923025385e-01,5.325394513913872530e-01,-1.007462764558181512e+00
6.752640714982360848e-01,-8.427146723979966891e-01,7.334228729376613964e-01,-3.470574010983700636e-02,1.649099686499622686e-01,5.866098531491618084e-01,-5.990003337777159986e-01,1.132991813362268951e+00,-7.542456560304774404e-01,1.358825562816285970e+00,-7.719261026694929084e-01,1.194795572010694418e+00,-1.352044996437978597e+00
1.019902472734002474e+00,-2.703161727518422763e-01,-8.451402330073067848e-01,1.188542571338803366e+00,-1.472784069272172758e+00,1.134045268831971542e+00,-1.740036462639724446e+00,1.411525652441269152e+00,-1.317571801172792378e+00,1.501496526199795900e+00,-1.448586486507323468e+00,1.274690296552448476e+00,-2.028936455375139669e+00
7.940927588437859397e-01,-1.031730355308959624e+00,1.772883945487726542e+00,2.346114522398254632e-01,9.301849279931875270e-01,2.448779574597699793e-01,-2.107868423788495371e-01,8.235963667570731506e-01,-3.445128037359918016e-01,1.421920341394263376e+00,-8.054320130697415481e-01,5.370585819927560234e-01,-1.361016692170192721e+00
5.401089314294315047e-01,-5.500123217915762197e-01,-4.632197764117532146e-01,2.261070227021566847e-01,-4.943143740262590513e-01,6.847990521223974725e-02,8.253411101741936484e-02,1.876720765299415838e-01,-6.521980415788942997e-02,2.826145304511979428e-01,7.453879091702499127e-02,8.304753295745148645e-02,-2.440409638402497861e-01
2.631269714926306458e-01,-2.781801004114985432e-01,3.011707500044835117e-01,3.412819390357424432e-01,2.032677098680478744e-01,-3.143264135724915254e-01,8.483818170740294873e-01,-2.242261386187968941e-01,7.661392854925483942e-01,-4.480987157774202895e-02,8.921841553215525966e-01,-5.803821911609238215e-01,2.852869069630564192e-01
-5.303378502404451633e-02,-1.665889338025208777e-01,4.453571857718126026e-01,5.827346979601251142e-01,3.052394008660117564e-01,-7.476498548300684055e-01,9.701822242822317754e-01,-2.963509714617681978e-01,9.350112116218431968e-01,-5.044779612562236837e-01,1.065488182557878138e+00,-6.943687404227723015e-01,6.488202329539656255e-01
-4.726313970400842779e-01,-2.312478448137470499e-01,-6.975894609593408235e-01,3.645435259134776618e-01,-4.252928740247904904e-01,-5.758804340162778646e-01,9.106355073586146487e-01,-3.488864613019758143e-01,9.416409056464155602e-01,-5.194033195501184252e-01,1.252971316726697593e+00,-6.025998101847549471e-01,1.061150976563380199e+00
-1.133747274618231327e+00,1.373650077125906366e-01,8.554084749253315634e-01,5.474199976767921694e-01,1.141209681807847431e+00,-5.071581973303176394e-01,1.972094107841968924e+00,-3.730761677986845770e-01,1.507535945010144873e+00,-8.435527619044774772e-01,1.227035326902173429e+00,-6.197988230763569195e-01,6.595308736815964634e-01
-2.233818313028606894e+00,3.517144324247840903e-02,-5.444062689320344761e-01,9.935255419714343894e-01,-1.945302259888097643e-02,2.643762768305578728e-02,1.114521681221310567e+00,-7.071865135056729090e-02,1.122847173377783614e+00,-6.084754983582880694e-01,1.306042209917259722e+00,-8.897737216396287563e-01,1.179594344174059062e+00
-3.668383021816935541e-01,-1.187316005359915660e+00,9.021618366263080002e-01,-3.421524646951706883e-02,2.329578577692521524e-01,6.749333879864054531e-01,1.580080509307389691e-01,1.203505534937884258e+00,-4.239790566394097127e-01,8.725750625550168227e-01,-2.060953854516575923e-01,1.074641450628710526e+00,-2.781639628113538043e-01
7.447751970906458796e-01,-9.238990301797749272e-01,7.309309023423047336e-01,7.809540669066661334e-02,9.271788242174316963e-02,5.076556292601107634e-01,-6.554120863532197916e-01,1.215514075331564081e+00,-6.934987472053034674e-01,1.243038842054417170e+00,-9.352564228051968298e-01,1.088177102023484277e+00,-1.106674058872024746e+00
1.108772709582190430e+00,-3.408463811503780749e-01,-1.051864313356642100e+00,1.097877146269783610e+00,-1.470859892428579840e+00,9.235149945632254997e-01,-1.770696826373924448e+00,1.466835494372206838e+00,-1.418355999578515769e+00,1.415467308357063914e+00,-1.479271368296830591e+00,1.358663491729904527e+00,-1.865974324306426180e+00
8.835347499021812823e-01,-1.517089171399282232e+00,9.276485689634105247e-01,1.025618775080889417e-01,1.531667193233226199e+00,7.063156329965359914e-01,-2.747386896249589538e-01,1.387061605719431601e+00,-6.396824260090207270e-02,1.089276712079814580e+00,-7.004568914942721491e-01,7.971542413517750392e-01,-1.653014400885593593e+00
6.287637880968180992e-01,-5.758859031855940724e-01,-7.368828142138051929e-01,1.598150119791116874e-01,-3.717855785974013560e-01,-8.974926634472518705e-02,-3.194117054473158968e-01,7.942167174656249162e-02,-1.967405346977646463e-01,1.492930325519302992e-01,3.424255477169536183e-02,-3.462216543673850982e-02,-4.975072301212589143e-01
3.520756228090597961e-01,-4.099965803376229290e-01,-2.009937331726753262e-01,3.940959895984076922e-01,4.284503929010829992e-01,-4.346261179691054966e-01,5.973277519883941622e-01,-2.506367345067798125e-01,6.950312154880895488e-01,-3.696000418631012474e-01,5.719120636796172219e-01,-7.167652022239504594e-01,1.663648564820500164e-01
3.599863755930807208e-02,-3.190280211326965709e-01,1.332126592293096934e-01,6.323023769566383789e-01,3.925897172896757881e-01,-1.109129663671002630e+00,7.706256411275779206e-01,-1.709802214408705223e-01,1.360792439349808536e+00,-3.985302509890304989e-01,9.149234052683640206e-01,-6.969723737342253811e-01,7.084286302133309121e-01
-3.838526257992372903e-01,-1.307716324755386073e-01,-4.895482353994117797e-01,5.721596200797882670e-01,-3.194837679022740629e-01,-5.980200846779846202e-01,6.386953946669000626e-01,-4.745455334941413583e-01,8.369679351168969328e-01,-6.864706594147971241e-01,9.021902485263636473e-01,-1.062144202888705591e+00,7.574389162349870475e-01
-1.046361702510169245e+00,-3.380567248307388417e-01,9.688316742395561287e-02,3.290189183971165554e-01,1.716502774611732063e+00,7.397170761752049073e-02,1.874950397331950347e+00,-3.271910480126103971e-01,1.296103329977617014e+00,-5.149840534846401585e-01,9.383415867842052061e-01,-1.098513669006223825e+00,8.908398331652925828e-01
-2.150612920042227483e+00,9.564065572498176016e-02,-5.513045511037987234e-01,1.182627230493057846e+00,1.636041984825716833e-01,-2.051305113219492049e-01,7.691682789823601762e-01,-4.186696602499579978e-01,9.264376597908325905e-01,-4.861986745954011702e-01,1.214209158700888080e+00,-1.054868098913902763e+00,1.235862204272268006e+00
-3.158303314003421680e-01,-1.232930901220995246e+00,5.761443928593568131e-01,-4.482701732822049201e-01,2.001597157454068909e-01,7.806056075918949011e-01,1.355492657971132386e-01,1.150819476359442817e+00,-3.542587713437675978e-01,9.092226060136855414e-01,-2.732952396371318704e-01,8.115605604858189270e-01,-6.895632573737882076e-01
8.066276376741972065e-01,-1.099228760091050416e+00,4.340064415561713518e-01,-2.833338509255018955e-01,-3.023056337039688457e-01,2.579232379824100141e-01,-7.594487902571890325e-01,1.070898681183712897e+00,-6.110846715454930633e-01,1.479909542926034716e+00,-6.505091693771322126e-01,1.468439183313345442e+00,-7.976377431223470316e-01
1.185541020339464957e+00,-2.247612484561904989e-01,-7.782243747900743358e-01,9.392305186271371342e-01,-1.606254571125454778e+00,1.110386282250591661e+00,-1.517000143999637896e+00,1.614478519343820695e+00,-1.333898964154044409e+00,1.501835456573826333e+00,-1.376521792016439871e+00,1.428972302156945817e+00,-1.868572842382210109e+00
9.613491694882189131e-01,-1.246128147102856465e+00,2.521944617858800086e+00,8.249492526654809144e-01,1.325503808988719001e+00,6.293904417299976961e-01,-4.440306137521941587e-01,8.361931448724417848e-01,-3.254970437560827379e-01,1.292151080048618450e+00,-5.453053161334258103e-01,9.065344781409085950e-01,-1.400028162452499281e+00
7.043816476340237775e-01,-6.218972089811954929e-01,-6.173967859376245926e-01,2.508593887319111593e-01,-5.349757056120484355e-01,-1.707149879018938221e-01,5.204719417656564900e-02,1.474700023088600098e-01,1.212261034173682528e-02,4.750838714529185824e-01,1.907989343449481567e-01,1.244174416282796819e-01,-2.692341208495303562e-01
4.249509093858083175e-01,-3.094373450603047360e-01,-3.691522726355252471e-01,7.633390634409785713e-01,1.054117839562763503e+00,-2.498772014220891902e-01,3.660875679507403779e-01,-3.993160733204857982e-01,8.700723280455374686e-01,-1.987837115743707750e-01,8.348214260416956245e-01,-4.008601353890781094e-01,4.849374161626308077e-01
1.089837338141568801e-01,8.295583749131232865e-02,-1.379205137715269425e+00,3.073966861064795011e-02,1.657681363100299343e+00,3.501635009984511299e-02,6.636680700086089457e-02,-6.484829274604448912e-01,1.340631917357736347e+00,-4.626286647300788535e-01,7.966925978266756747e-01,-9.063689888856363286e-01,5.063789064117902861e-01
-3.117668202620256235e-01,-7.391479222140472094e-02,-2.456048964337766538e+00,-3.257365373806452719e-02,8.533453877327317194e-01,-1.340643432713483907e-01,-1.277484436543027124e-01,-7.948385511653621727e-01,1.034434790658043113e+00,-6.174536420394883818e-01,8.211293846481054759e-01,-9.134362031403552296e-01,7.548938084806977589e-01
-9.763141704295229539e-01,2.161726763255046313e-01,-2.593471554655457645e+00,-4.734184292584682763e-01,2.674268046618139660e+00,1.296420597902029626e-01,1.537167657405460242e+00,-1.763556624319401744e-01,1.553915515615103438e+00,-9.584987352671701100e-01,9.299600418430861160e-01,-8.054557883754793757e-01,6.642396482386785372e-01
-2.081074353208964389e+00,1.854725654181990924e-01,-2.199844755918855643e+00,6.423045226467134494e-01,8.497797817877897897e-01,2.730451111885412452e-01,7.159354225145655448e-01,-1.974687265853733165e-01,1.178492753315529606e+00,-7.291677340153485121e-01,1.126277235590047665e+00,-1.018091172185813242e+00,7.904102457999189202e-01
-3.203089775673583217e-01,-1.145822346481985221e+00,-2.494805332695128330e-01,-4.669263540386540678e-01,7.811584693730438955e-01,1.055091433483686725e+00,-1.362508254166405197e-01,8.977083721853020837e-01,-3.142463706733949480e-01,1.010080897577441350e+00,-2.630693753578745020e-01,8.456662505134577845e-01,-5.743846490554739281e-01
8.261257811218294389e-01,-1.134969548653713689e+00,-2.877907893822473917e-01,-4.805107796823772648e-01,-2.573918196117924370e-02,5.972847665268399275e-01,-7.926745221331286118e-01,1.070239248032808232e+00,-4.300235981372341199e-01,1.608843197636918410e+00,-5.070482297744519640e-01,1.642967625385613140e+00,-8.624069762806578776e-01
1.227590785322939748e+00,-2.146922500395296030e-01,-8.130142176754073802e-01,1.044095485570953663e+00,-1.463462395875303690e+00,1.209919688694041096e+00,-1.662610463413954465e+00,1.513592522325058143e+00,-1.318430296796529344e+00,1.440080800644241821e+00,-1.436736360381500877e+00,1.481464120872250101e+00,-1.813518543420961748e+00
1.023900613825254879e+00,-1.353688888063904416e+00,1.097349329591507106e+00,-1.349336047496109137e-01,1.384249113342751691e+00,8.584957820897894942e-01,-2.855785539008965923e-01,1.066228297591580887e+00,-3.407610852822315350e-01,1.041136155486464654e+00,-4.516231409214501724e-01,1.291400501403676238e+00,-1.159008664400756006e+00
7.667038978515747782e-01,-5.666736556024041249e-01,-7.075129458169777674e-01,6.549745360430669905e-02,-4.131971353239226596e-01,-1.050451897696608877e-01,-2.344375952190329016e-01,1.596966932574106768e-01,-7.150823115509230554e-02,2.453019825546160770e-01,9.217821939156939370e-02,6.024140747499540441e-03,-5.850110788146264396e-01
4.887128721399808806e-01,-3.290307584396635621e-01,5.911310458630750914e-02,3.475536626930255113e-01,2.971145373161697134e-01,-7.550108479206070200e-01,4.007780304667951654e-01,-3.945126276246240238e-01,7.662465891289164110e-01,-2.208023619490071809e-01,6.527103533544189595e-01,-6.802572312012787892e-01,3.519375377540243793e-02
1.715446177088132407e-01,-3.295559172424697425e-01,3.485875378067699870e-01,5.545341368493876821e-01,3.498733244290677113e-01,-9.091380561412284456e-01,7.529730945572821188e-01,-3.319439734957723154e-01,1.116146550743768895e+00,-1.958322612409094110e-01,1.220719084857125658e+00,-8.950905517654509369e-01,5.429534098670545372e-01
-2.518180911486520568e-01,-1.126766869787800412e-01,-7.042800251465464179e-01,3.155160712196229400e-01,-3.685531884365197963e-01,-4.388928402174468446e-01,7.697949643901432770e-01,-6.108621190312067961e-01,8.678601354684513103e-01,-5.326848117407708694e-01,1.078400749052454755e+00,-9.502151057566846637e-01,9.061926727394548076e-01
-9.166101855154018541e-01,-2.386317478961584929e-02,8.463587363992618462e-01,6.133478925566010487e-01,1.420356967200946396e+00,-3.507953242849885522e-01,1.838572158556034619e+00,-6.440440434911531842e-01,1.633537480023570909e+00,-1.675910255586210706e-01,1.268938743370924715e+00,-1.029153021892159181e+00,8.736462634076564981e-01
-2.028964380740690743e+00,2.314084627858327692e-01,-3.100436973731205414e-01,1.256878524866048785e+00,1.568759430274570543e-01,-2.311862376792053198e-01,1.012989802439517195e+00,-4.883261346415707083e-01,9.151340678597232881e-01,-4.427131375265367375e-01,1.231217659918322660e+00,-9.527223624519574052e-01,1.159385774935310032e+00
-2.896816694751299659e-01,-1.043245795355157046e+00,1.056215354028166020e+00,1.964569159668955733e-01,5.852831059773204725e-01,6.115678223315569317e-01,-4.875563563098779807e-01,5.771496205373458643e-01,-4.566460797345840428e-01,8.949092971603019864e-01,-5.747818124152457298e-01,4.397734466468733450e-01,-9.422499674409772208e-01
8.480100884746224477e-01,-1.032825323805246720e+00,9.375797891834615205e-01,5.099396770475093238e-02,-3.020946892641488413e-01,4.203191426871206726e-01,-4.609904362343196782e-01,1.199880634272071367e+00,-6.473240228719168154e-01,1.342028158472396981e+00,-7.895788541576540531e-01,1.166456638228846154e+00,-1.185241793288110301e+00
1.261361061992148480e+00,-1.783728610686200755e-01,-6.160672637306778832e-01,1.122823820400111750e+00,-1.482355749578007087e+00,1.312991728888255993e+00,-1.431388292194010869e+00,1.529447994145919809e+00,-1.387904665497261769e+00,1.581309366469375144e+00,-1.290534532031307080e+00,1.402837434889156798e+00,-1.893064078656072180e+00
1.073720330822082847e+00,-1.135178353579744615e+00,2.800447421609752574e+00,5.522436509747826738e-01,8.839186012360483735e-01,6.179703003650861559e-01,3.032959767456906430e-01,1.187774971795898304e+00,-4.371109007308498495e-01,1.058843501862085867e+00,-8.980266597068938816e-01,9.067123400952468160e-01,-9.832364634418637728e-01
8.223960153851148647e-01,-5.332604826500718653e-01,-2.452323263224690242e-01,3.185986024306907693e-01,-3.817883941313984231e-01,1.992152913767730460e-01,1.827249486683140134e-01,2.823783846934455055e-01,-7.522434803834160411e-02,3.605322908060760168e-01,1.786681224127307233e-01,1.600602991863742663e-01,-2.485189578376156283e-01
5.423600717181498165e-01,-2.580073017357233378e-01,5.554301322076334868e-01,5.150645073435312637e-01,1.393948299734704133e-01,-5.420142982073749005e-01,8.171406023529991236e-01,-4.257873589959969285e-02,8.079983997555150177e-01,-3.161506893891228298e-01,5.932643457342916538e-01,-6.088415794714981955e-01,5.134176606700637802e-01
2.239626085809791334e-01,-2.095259368637769903e-01,4.863770556533856260e-01,5.647937891364230856e-01,2.522639558474540356e-01,-9.872000667415916642e-01,9.217057819863753165e-01,-3.203824684351370689e-01,8.765248751430160246e-01,-4.912249481519830319e-01,1.165579718515068475e+00,-7.680451327033335218e-01,4.525991284995364849e-01
-1.998238923382677501e-01,-2.572084946090003044e-01,-8.937015929426594951e-01,3.468014557674418685e-01,-2.628678076068151626e-01,-3.444249473331523759e-01,6.186969455535529239e-01,-5.676121355864638396e-01,9.271774623293649320e-01,-5.814602614260793167e-01,1.076512052316970003e+00,-8.164060241461567058e-01,1.070647450419304869e+00
-8.667656447391621777e-01,-2.588725526923474352e-01,4.619621436727389119e-01,5.079639690962359788e-01,1.078334437067924201e+00,-1.090093500957480366e+00,1.808533383370382275e+00,-2.322291646887400529e-01,1.607366254816854134e+00,-4.850175027917300596e-01,1.030730485175473943e+00,-1.096981193668410404e+00,5.925655127143960588e-01
-1.975694269714757478e+00,-1.472536089664065045e-02,-7.027277887264528067e-01,9.784448599019548443e-01,-2.980700527340084394e-01,-4.231452024829054914e-01,9.477718567161532714e-01,-3.650981656663105368e-01,1.101565949359569974e+00,-7.773074746878868568e-01,9.731817724429843164e-01,-1.146225356367809090e+00,1.165420170993383797e+00
-3.067759992757427834e-01,-1.069314411144488108e+00,7.117787036140663659e-01,-7.959205939517614015e-01,-5.094601396638366309e-01,3.285282797945631716e-01,1.009120593077888206e-01,9.459819603884201955e-01,-3.711782692538255768e-01,8.165197550969144347e-01,-6.142805872054980521e-01,5.705315563209840679e-01,-5.498195418361612186e-01
8.322041527257902915e-01,-9.872554955379936326e-01,6.526419784886304809e-01,-4.718198806516635813e-01,-3.672657550598490417e-01,2.651133197021565135e-01,-7.696739567398538373e-01,1.102618852887725431e+00,-6.993285255418275614e-01,1.094021928236820873e+00,-9.606604712177423400e-01,1.197295591406795534e+00,-1.112680152119188248e+00
1.264310500766784751e+00,-3.321882722863667703e-01,-9.060898667227904602e-01,9.987750032523227128e-01,-1.484717375508644022e+00,1.331122086448473851e+00,-1.479766073207840593e+00,1.570382745954776560e+00,-1.316705182449286138e+00,1.412291078812352163e+00,-1.434276935439295908e+00,1.459450415260273415e+00,-1.684923387701011466e+00
1.101702369363520173e+00,-1.184446134112247861e+00,1.418667625525792841e+00,-3.581789400388898925e-01,7.521229745593718263e-01,6.434123001001995634e-01,2.120508422474534360e-01,1.553957628972444605e+00,-1.229279634651192221e-01,9.253653815344390354e-01,-7.783510346164055349e-01,1.063455984012962041e+00,-1.056132583950355919e+00
8.681636487770917343e-01,-6.004783944315635891e-01,-7.679836045007104595e-01,4.822024619031648612e-02,-6.358972211696750643e-01,-2.814336367305827480e-01,-2.730310112341144402e-02,2.629062328022962469e-01,-8.132172539448433851e-03,2.674231593535494333e-01,4.573791941452425014e-02,1.026952955813027341e-01,-2.420908847699935196e-01
5.891176133616882193e-01,-1.954301981605285066e-01,1.737453258715640492e-01,6.244599100773952534e-03,9.423523038186749912e-02,-2.702388683269051350e-01,9.143439365553763798e-01,-8.900812142127341453e-02,6.193455703592973816e-01,-5.534432957062460634e-01,4.595573132347822720e-01,-5.734082089029086671e-01,5.925359674788748254e-01
2.712106781375853148e-01,6.952099139261070926e-01,9.641568286865800363e-01,-9.452707405718731304e-02,-5.559973698614614213e-01,-2.358843409583383455e+00,-2.404296240040197929e-01,-8.383761469844949188e-01,9.214490595498714409e-01,-1.489771835513276355e-01,1.398607682473876679e+00,-6.275873969112305550e-01,1.058602070604543588e+00
-1.535360563414051860e-01,1.141349751969545245e+00,-4.071666748199557345e-02,-4.784161857383189553e-01,-1.601573774126642924e+00,-2.688164813950592702e+00,-8.202247796238274491e-01,-1.072423210751141331e+00,9.925326953784846529e-01,-1.513230881355585866e-01,1.517204190152059873e+00,-6.421866096982004057e-01,1.265326606999062520e+00
-8.189765653736743589e-01,2.741736294193143575e+00,7.559620286963152358e-01,-2.324623702171364492e+00,-9.514879474105455426e-01,-3.433225012844145940e+00,-2.842979052473465496e-01,-1.498764193048527815e+00,1.264387405698705891e+00,-7.177267519470375001e-01,1.024442955465537430e+00,-1.011440237867638592e+00,1.163103014486454034e+00
-1.932527601549778318e+00,2.410783554317858179e+00,-2.027952432956980355e-01,-1.322853474020937004e+00,-2.076153873775482772e+00,-2.203325197492142618e+00,-3.799820770822632809e-01,-8.409992120224969447e-01,1.226853544671573815e+00,-7.857696348229056271e-01,7.303249286692778952e-01,-1.366237236257748400e+00,1.193591090673755017e+00
-2.724272394292407418e-01,1.328107785721012180e+00,1.308987444934361255e+00,-2.627891010200009703e+00,-1.543035800195892149e+00,-1.169654305781219650e+00,-1.509183414783821453e+00,8.192020847824166285e-02,-6.547571150788515926e-01,3.681410202543016763e-01,-1.416765975224161034e+00,2.993984400514857480e-01,-3.291380037053770469e-01
8.495051956449517494e-01,1.406145523727724500e+00,5.171052527062356408e-01,-2.471727607091393164e+00,-1.412127590554024481e+00,-8.194495055390663696e-01,-1.958001347503718348e+00,2.069727871198640545e-01,-1.152049515439854455e+00,7.254257807843861316e-01,-1.480515512069141559e+00,1.194839357484288822e+00,-8.948400997559393666e-01
1.275121832554273471e+00,1.317136951698864911e+00,-5.538447372288591852e-01,-5.071335058520989314e-01,-2.548364420959884136e+00,2.677528879820731400e-01,-2.729605840298725550e+00,4.595640772370438998e-01,-2.046948957973544925e+00,1.020611224194194033e+00,-1.499849663138009159e+00,1.879849063883594074e+00,-1.206975966306464088e+00
1.119425245198297114e+00,1.896525761046859992e+00,1.376070297877491910e+00,-3.452837877797590327e+00,-3.001072736376195205e-01,-3.372094206750454459e-01,-2.294222308076402594e+00,-5.413144711367339212e-01,-1.109947116951271573e+00,3.004993551702525023e-01,-1.286380887051192801e+00,1.417023877212017835e+00,-5.599230863896265120e-01
9.013623322949592120e-01,1.316088372284242247e+00,3.766345703018419422e-01,-1.165239563634070663e+00,-1.556254468492525467e+00,-1.046018113958407714e+00,-9.321800677916460831e-01,-3.904357018302284654e-01,-5.377228177570148038e-01,-5.769347170133564129e-01,-8.482602078409939850e-01,6.295143110608297787e-02,2.291134872331527239e-01
6.310854737134977688e-01,2.013443026335009822e+00,1.401012750020089459e-01,-1.583876399846412930e+00,-2.123955949426521994e-01,-3.060974256789202319e-01,-2.929840534542929031e-01,-1.435975460532515235e+00,-3.398339788792654748e-01,-1.469408478871335744e+00,-2.837916128201915522e-01,-2.975142528348521664e-01,1.262333762876504117e+00
3.114010425648371938e-01,2.134263693331014178e+00,-1.623502830347404446e-01,-1.639463488890340326e+00,9.640095756703054297e-02,-4.148152461963761639e-01,-1.391520779579296929e-01,-1.867631046862420208e+00,-3.408261326034133787e-01,-1.772175421617417479e+00,-2.015057023697264249e-01,-7.453690788394243816e-01,1.447635722134617664e+00
-1.137007293064658253e-01,1.696361994120299421e+00,-9.034537365772956630e-01,-7.716813817808539921e-01,1.803431287923615567e-01,3.221605747161204736e-01,-9.446026794877573907e-02,-1.813840031390144825e+00,-2.984629990883977957e-01,-1.955233090096181181e+00,-4.199266147003741789e-01,-1.236400009378580522e+00,1.477749120210323230e+00
-7.816374011070131855e-01,2.335680279016284278e+00,-7.382022049283363252e-01,-1.389622210896649612e+00,2.166539074917372965e+00,2.878534963355519616e-01,-2.423937049998057536e-01,-2.724094179769573909e+00,-1.975064812404468684e-01,-2.170631802842708513e+00,7.955506013020717526e-03,-7.301679724482587064e-01,1.763710694782111954e+00
-1.891902727797530881e+00,1.650046963057515192e+00,-1.641061410879412152e+00,-8.139866425690368834e-02,1.204192106517392835e+00,1.040131269680497184e+00,-4.234164183233222190e-01,-2.334351455690596655e+00,-4.210822554068233137e-01,-1.871103535950133123e+00,1.186653106103496974e-01,-1.044465567103687764e+00,1.709173205178832422e+00
-2.860640852609320772e-01,3.896162889282977493e-01,-2.147848808441486235e-01,-1.741555852441001528e+00,9.970798162707292800e-01,2.276414080956663977e+00,-4.772858210258544842e-01,-5.974064079295876573e-01,-1.960505388495818568e+00,-6.083033798446374485e-01,-1.748438950087740640e+00,7.052147354068591945e-01,3.505794367334673645e-01
8.345930525376594744e-01,5.412602593932036577e-01,-6.713028356813037778e-01,-2.306811759358007752e+00,5.101068508716043448e-01,2.203196232898548157e+00,-7.601746390352258631e-01,1.032222294503377102e-01,-2.144682563363880412e+00,-5.275023946714844092e-01,-2.306520142704084897e+00,1.328434290333872170e+00,-4.542149415070794588e-02
1.265089005802552791e+00,4.048607798815198611e-01,-2.186940321445021596e+00,-7.087273746538426400e-02,-6.663864302539980189e-01,3.038121985653612356e+00,-1.510434858177223783e+00,3.918940548518564104e-01,-2.841716130365146142e+00,1.230887827300665566e-01,-2.025391024058249112e+00,2.188066985746463633e+00,-5.875766479888467897e-01
1.122191329871933041e+00,6.908878702743261879e-01,9.140106830741302757e-02,-2.548026041630421012e+00,1.461989967461143847e+00,2.374025237441820924e+00,-4.905382677262486446e-01,-4.040249005324185738e-01,-1.779751968724130329e+00,-5.170827714230121774e-01,-2.072750314847960684e+00,1.403243099689527984e+00,1.460557233309665026e-01
9.181624748552205117e-01,3.246501708855507595e-01,-9.090600649914346576e-01,-7.939051180951256503e-01,-4.664777724812809168e-01,3.980466478147041687e-01,-5.140101634277174369e-01,-7.465195795806668366e-01,-9.723299178431937806e-01,-6.941855129105685140e-01,-8.691874144529497803e-01,-1.115929448771167121e-01,5.497229069586670458e-02
6.595899758587958628e-01,9.529063012433091062e-01,-1.099979155871815412e-01,-7.831697495163604250e-01,8.627477464461415224e-02,-5.656152205464856086e-01,-5.586937206991079430e-01,-2.108055507426294106e+00,-7.682232676654242587e-01,-1.246406815793630329e+00,-1.981682980723391968e-02,-6.405224174967758533e-01,8.380248047856372340e-01
3.416023808230024272e-01,1.540542312488711207e+00,5.086281252596953628e-01,-1.057584731629838348e+00,4.863234189432181359e-02,-3.528928688796845181e-01,-1.114625277229642705e-02,-2.036987906678950910e+00,-6.868208426217221607e-01,-1.977036958651272824e+00,-2.407112955226276829e-01,-1.243996939114954348e+00,9.090218430854235532e-01
-8.339456224614198721e-02,1.544485123997946241e+00,2.099258558391433882e-01,-2.230862423262507666e-01,-7.476938690627515927e-01,-8.182719475688826627e-01,-3.256929985377479686e-02,-1.744285134907215928e+00,-7.228335915327942507e-01,-2.104749832763517681e+00,-2.666586767888592252e-02,-1.451291522305649284e+00,8.361740992326350819e-01
-7.503849055078161134e-01,2.804045510533233365e+00,1.692542184747805711e+00,-2.082788551556409740e+00,-3.841623691177620814e-01,-1.587526593261854080e+00,7.476703373356486937e-01,-2.105162766182870016e+00,-4.482226145122956695e-01,-2.123115789436021306e+00,2.596739653501406800e-02,-1.303195290074985468e+00,1.098307867157119366e+00
-1.865050754552182388e+00,2.258129650968396351e+00,1.252669375227799753e+00,3.779533798092524904e-02,-1.472964412187740768e+00,-1.773427352626129938e+00,7.892935822672818291e-02,-1.474821288485076209e+00,-3.739091100304186566e-01,-2.047379188679260498e+00,-1.234427756192624653e-01,-1.801760183840626750e+00,7.808320736627564207e-01
-2.630089446434988876e+00,4.328423375371576731e-01,5.336688319963206473e-01,1.856956976268578696e+00,-2.381677925053588663e+00,-7.071098935679329678e-01,-1.979344627716872695e+00,-5.427403322385468964e-01,-1.426828111027171886e+00,-5.869336448920976501e-01,-9.448628260767837350e-01,-1.219097695138575022e+00,-8.599065415115942912e-01
