9.476802462282039041e-01,-3.473314027274913673e+00,-5.187253800759242139e+00,2.531891380576004380e+00,-1.963344160488982970e+00,1.534657670097580473e+00,-4.879983526879775324e-01,9.056276545564286851e-01,-3.419662013544301771e-01,7.211430353926616688e-01,-3.294991508481467379e-01,6.304835547089039371e-01,-2.907020798696625108e-01
6.974006753551977855e-01,8.069580936795556214e-02,2.448169120755680495e-01,1.652801480172735316e-01,5.305327786261011536e-01,-6.083242304864099337e-01,-1.006666906028976932e-01,-5.022687422442961847e-01,1.938469089547269208e-01,-9.707607045627751619e-02,1.653798734776491808e-01,-1.740200272519665248e-01,6.369212303691981769e-02
4.088498029943523626e-01,7.380675793184912625e-02,-9.937821905370726183e-01,-1.180116981633658302e+00,-1.794625938899193085e-01,-1.305601476664892679e+00,3.419151787258977171e-01,-9.356116709424364686e-01,7.970586630281684126e-01,-1.009366742386958338e+00,8.321971101867997600e-01,-5.689676883178712563e-01,8.510060321865970945e-01
4.744859307216608979e-02,1.026596492949584771e+00,-2.671312764793829508e-01,1.667484263643339015e-01,1.068147589143668919e+00,-6.574109581328475560e-01,6.971399944657723502e-01,-1.754755186915069709e+00,8.997447984532245258e-01,-1.026441924265829808e+00,8.910849893336841854e-01,-1.126585129428183674e+00,7.918171292544170514e-01
-5.018725938503114659e-01,7.160557872667432378e-01,-1.294326990803152944e+00,-5.677052505716708719e-01,1.031793691043756844e+00,-6.646970239350188381e-01,1.534607331742134262e+00,-1.151185656600637097e+00,1.261050988671647000e+00,-9.755623868161459322e-01,1.331578754723141689e+00,-9.718921798425297354e-01,1.401408377499440805e+00
-1.432722421849778716e+00,1.865481319392852999e+00,-5.194663139133784413e-02,2.011621401530209852e+00,1.496598649324373032e+00,-1.452682020843314437e+00,1.044760243156507951e+00,-1.117241218047802187e+00,1.270584210273037584e+00,-1.098997270157344719e+00,1.231822414004530186e+00,-1.547416131198384504e+00,1.106098002676231928e+00
-1.975554592732223114e+00,-6.387476107070061415e-01,4.593079451637517296e-01,-3.081498720037438854e-01,-7.324007367762777054e-01,4.926471475601152950e-01,-8.915245356919949682e-01,2.980275645848590171e-01,-3.884599700977057202e-01,2.067429486271702699e-01,-1.687430262523613445e-01,1.364984043361282540e-01,3.188154194242558970e-01
-1.752304358022944986e-01,-1.081085466423006070e+00,1.361131473833125494e+00,-8.642004295296803473e-01,-1.289308147678108751e-02,4.120459662423074931e-01,-8.278341148475478750e-01,9.015836376499344329e-01,-8.122356683384607257e-01,8.177468570195340902e-01,-8.889081456091547651e-01,7.319244115290443053e-01,-5.416099737271267145e-01
1.014154015710845513e+00,-1.148539321300835914e+00,6.827084210849980739e-01,-5.576182076013882494e-01,-8.206935155828377626e-01,1.033589246832983477e+00,-1.415051699833297150e+00,1.349733525124158229e+00,-1.340136893505879723e+00,1.478866596633676034e+00,-1.274476049299862579e+00,1.673650296263515580e+00,-1.325078226037621709e+00
1.156941344006475303e+00,-3.477388072702176230e-02,-1.418050088301785541e-02,9.344509522197427254e-01,-1.534598265801300432e+00,1.346749761415776181e+00,-1.700893108734670589e+00,1.216068636945964343e+00,-1.634845694825971529e+00,1.449812319977909603e+00,-1.369919417082091639e+00,1.366858225381581304e+00,-1.873570767550158056e+00
9.517708084976762573e-01,-8.891834162861391722e-01,-7.227935438986347882e-02,-1.475636105027755107e+00,-8.266141887361357909e-01,-4.054335033019501600e-01,-6.325686993404403546e-01,5.533481143762924992e-01,-7.097947049125645780e-01,4.755547530461131100e-01,-5.823374943872421383e-01,8.998359464028607979e-01,-5.681194066239210194e-01
7.025574977718784808e-01,-5.067895947076778151e-01,2.513019667443856520e-01,-1.815636821267778422e-01,-2.340213074654596409e-02,-5.299721700527725288e-01,2.383326992183334436e-01,-3.850778711729845316e-01,1.335867029428503688e-02,-3.695058216129093465e-01,9.745972241338295150e-02,-1.089731458494113125e-01,8.674925798188204418e-02
4.131508751987351680e-01,4.654758678386510251e-01,-6.910113189595620264e-01,-3.057095976890216171e-01,1.010662164650820843e-01,-8.199138230633957747e-01,7.337973273297156984e-01,-1.244738591151415497e+00,6.410910485689104155e-01,-7.259983642958794947e-01,8.385568793605208127e-01,-6.522572700435275150e-01,1.103738852250624181e+00
5.025293551184693147e-02,5.348583188418006840e-01,-5.216834236662966084e-01,4.082379721965524455e-01,1.177331633894612484e+00,-9.068015255859357415e-01,8.148783991868832066e-01,-1.169188147836622615e+00,9.381532160102509232e-01,-1.383171510067999543e+00,9.112095210227759701e-01,-1.093659480958417252e+00,9.205975062875479953e-01
-5.002877468225412905e-01,1.232723728421814657e+00,-4.188528809548349163e-01,1.375336345500020263e+00,1.114526457298197881e+00,-9.827213512890942138e-01,1.238847619899486441e+00,-1.171904098090423840e+00,1.116992965571282248e+00,-1.212284383212983263e+00,1.380851384661064829e+00,-1.178924075708108532e+00,1.191952371765666152e+00
-1.432812069288367685e+00,1.743682771521804620e+00,-3.360506308058978098e-01,2.275634334768035227e+00,1.468878034407467226e+00,-1.460588180698376481e+00,1.111015648227132724e+00,-1.362640156971093530e+00,1.077922474969452038e+00,-1.215874288932928149e+00,1.502352347871617422e+00,-1.347285135000819256e+00,8.359626504562458482e-01
-1.980689108914653884e+00,-3.193603429296409946e-01,1.003382359696079362e+00,3.093570898651993861e-01,-8.572523714802884331e-01,9.084509591091104175e-02,-4.341789682589711208e-01,6.182198607905368126e-01,-4.966580871130604757e-01,3.391658662923758838e-01,2.182035476429880147e-02,1.192172313870525913e-01,1.720086687236504763e-01
-2.010433159888973254e-01,-1.338922467948129302e+00,1.277818137074347771e+00,-9.628960460445155078e-01,-1.797568938881342337e-01,5.154514479156918627e-01,-6.552622387987763197e-01,6.687475887008452746e-01,-9.222720283601109070e-01,7.640937255557608276e-01,-9.857591072010931654e-01,8.037512898199439260e-01,-5.216081781019500374e-01
9.914126225255103231e-01,-1.000292821577608349e+00,3.814289503201632181e-01,-6.506076274602258236e-01,-1.974569438992219428e-01,1.635989444189652753e+00,-1.016643428478614775e+00,1.472939959194952797e+00,-1.333752031944104965e+00,1.524298116275899284e+00,-1.326403507868263443e+00,1.494297434384193046e+00,-1.263687080458717027e+00
1.147547740699467411e+00,2.353527876457992690e-02,-1.938051608728220132e-01,1.120388187263857027e+00,-1.469786497682776139e+00,1.787487981550407223e+00,-1.400019669917073717e+00,1.153915755057950188e+00,-1.737146484595338158e+00,1.262011993285661049e+00,-1.534469989619854369e+00,1.526873059214514772e+00,-1.652629927643164409e+00
9.461088909244586009e-01,-3.496589831785452684e-01,4.314812651859613601e-01,-9.708371065818062196e-01,-7.877382939535499951e-01,1.055184263003377670e-01,-2.531204249045211907e-01,5.212902412478150893e-01,-6.447465923615227634e-01,6.538505326496949488e-01,-6.985997662210008396e-01,7.203459316692798486e-01,-8.450777140572792723e-01
6.993773295697408576e-01,2.607132951418811850e-01,7.074136424170061055e-01,5.098573613655554837e-01,5.231277309196755709e-01,-2.850139564213570176e-01,5.356059116924488661e-01,-2.545112272285962041e-01,-1.679042287737753103e-02,-2.749394149522553787e-01,9.540799151500330144e-02,-1.377472974619643742e-01,-1.839010878419007622e-02
4.096344715082856913e-01,2.503693996052047122e-01,-2.735114802883459872e-01,8.527539687386583855e-01,6.685685169708124320e-01,-7.926816819698803140e-01,8.190540546449971426e-01,-9.766662594690571630e-01,5.481625775091782948e-01,-8.998463474183175936e-01,8.832734202951137981e-01,-7.204900373578144723e-01,8.554234063270815813e-01
4.777148218225708842e-02,1.446330108817369009e+00,5.800538273278744716e-01,1.126681835830824374e+00,1.304725525027151001e+00,-9.741228313505643222e-01,1.044175845456049911e+00,-9.663150406158570460e-01,8.709077136720865253e-01,-1.265536489458987113e+00,8.938388063229306679e-01,-1.038965459079438824e+00,9.868792725534464294e-01
-4.972891023515081943e-01,6.342375349921197669e-01,-9.333313150542331682e-01,1.627562760504902561e-01,6.212334775201325821e-01,-1.416910838625536906e+00,1.193524144913430396e+00,-1.093655238555890197e+00,1.405934860682660048e+00,-1.073692329228133291e+00,1.317664926361693079e+00,-9.462697572227886100e-01,1.427848478636549068e+00
-1.428153715705798410e+00,2.302270124879646218e+00,-9.236935131773151009e-02,1.676476818663609647e+00,1.626173087920158133e+00,-4.345520986613740644e-01,1.605688526493841639e+00,-1.349730931069241135e+00,1.328417633970819356e+00,-1.267361259827061826e+00,1.175612794880342982e+00,-1.316324407257655427e+00,1.247354347487352966e+00
-1.970603759067222960e+00,-9.358950527317244639e-01,-4.883781044410081401e-02,-1.208462513191763454e+00,-8.978230201681858258e-01,7.134859857458707433e-01,-5.644603047860452527e-01,5.265640627234804416e-01,-3.741363840806373742e-01,3.830913513748196997e-01,-8.449582138958748601e-02,1.137383453878140910e-01,4.723626671534380539e-01
-1.785840184269207043e-01,-1.353760824395139117e+00,1.273565306625894511e+00,2.403918203455694680e-02,8.709410167211066867e-01,1.251746451106616753e+00,-3.373345792899882789e-01,1.056445049727218422e+00,-7.450669171259776125e-01,7.922048909608830902e-01,-1.007627554945108361e+00,7.711778329454409553e-01,-4.428030819277388175e-01
1.011928455009200034e+00,-1.473046626933414371e+00,3.540707278606287645e-01,-2.738901710081506624e-01,-7.364051597330129040e-01,1.169700749354010805e+00,-1.042429125824465785e+00,1.614153710477554293e+00,-1.369341022177918310e+00,1.355370846807172125e+00,-1.443725289611901053e+00,1.446378977501592722e+00,-1.265491737844961717e+00
1.153021059022022454e+00,1.716956786017331260e-01,-5.757554417765168436e-02,1.370071787318036360e+00,-1.079949594496904419e+00,1.653716546383338981e+00,-1.452778231891510785e+00,1.429501031667367084e+00,-1.644192701571785431e+00,1.256080337187941653e+00,-1.624378099284379040e+00,1.401630916041226360e+00,-1.580653342431248554e+00
9.499404174327882311e-01,-5.174186513020886391e-01,2.385372086532387970e-01,-1.070973044487639969e+00,-4.785373304871800015e-01,1.517834561319926778e-01,-4.152269535056808403e-01,5.741519339347950224e-01,-7.529833676890927974e-01,4.912624228008536931e-01,-6.458776178867073892e-01,7.946672035684317903e-01,-7.177174557843125635e-01
7.010549911791332800e-01,4.426339275799270195e-02,2.066339109146818342e-01,-5.315766730671093176e-01,3.460794991678705079e-01,2.381581410279925981e-01,5.998524686570557707e-01,-2.740344825202541967e-01,1.267777020450712999e-01,-2.688094764286479421e-01,9.779546408020733939e-02,-2.028183365083973400e-01,-1.570441188237201025e-01
4.121065379106917947e-01,-9.393785662119102584e-03,-1.089872424544150897e+00,-9.085403599853874024e-01,4.602279895941553678e-02,-9.039356279535428751e-01,6.402516649523670722e-01,-8.070489305797448054e-01,8.157448946102364706e-01,-8.219528881461767300e-01,8.684375592406187172e-01,-5.678610499249721055e-01,1.053758469624568095e+00
4.950947379596570136e-02,1.038948423439385760e+00,3.050429894995185243e-02,1.403938184882553841e-01,1.438908099488922787e-01,-1.484102198669878581e+00,5.858575914652540684e-01,-1.444032440367270409e+00,9.008575101114140171e-01,-1.288664979416147993e+00,8.205238691075344981e-01,-1.019077133181664818e+00,8.405472978519440419e-01
-4.984626942959757279e-01,5.933468867534494873e-01,-1.125099196258927847e+00,-1.337218559512855787e-01,-9.809089439673659983e-02,-2.118553179718656310e+00,9.970080696277459076e-01,-1.195571411406426865e+00,1.184813042193316956e+00,-1.149789715418180203e+00,1.389283586386342195e+00,-9.207714065292568195e-01,1.220243039282121522e+00
-1.429012208577923548e+00,1.624905747262562761e+00,-5.067747035247718301e-01,1.474132390205794119e+00,7.274700494709501752e-01,-1.219147058327733291e+00,1.302288817547665012e+00,-1.090977510302131526e+00,1.223502242757054770e+00,-1.382981889031157152e+00,1.388613652780363861e+00,-1.104801178021233232e+00,1.146616175421443229e+00
-1.974523577278396225e+00,-1.073215407167111834e+00,-6.638658108722618467e-02,-1.015082935028844169e+00,-1.084315641553488918e+00,4.036616481358621944e-01,-7.867752494764149729e-01,5.297873027173476412e-01,-3.353618213642979295e-01,8.571024425574519379e-02,-2.079621117622709181e-01,1.785337221594510693e-01,3.653589312347146900e-01
-1.980393973049795753e-01,-1.181574772299025300e+00,1.585211179441892826e+00,-4.857788305150107511e-01,-2.368290553986353575e-01,3.289914105329844185e-01,-8.152943289883894940e-01,6.153374213865857589e-01,-1.209946315579368825e+00,5.481636486127010599e-01,-8.058140307177353856e-01,9.409647713106311651e-01,-7.403059201059193351e-01
9.928791202526280335e-01,-1.882787699246297519e+00,1.552766452221015538e-02,-5.526429158823068510e-01,-7.917886764270630762e-01,8.541145219842218861e-01,-1.401540016534237099e+00,1.348216991964291234e+00,-1.443979664478629577e+00,1.397184849264044182e+00,-1.195417164741801042e+00,1.642069152984284797e+00,-1.469613357396152731e+00
1.147442818989240720e+00,-2.980540849041092288e-01,-5.222592398723756579e-01,7.559858900500305845e-01,-1.536213845701981606e+00,1.378900411707691065e+00,-1.583224840002043221e+00,1.260136094797368322e+00,-1.740860724522033776e+00,1.182570862800344624e+00,-1.689845691051487409e+00,1.281840410248162199e+00,-1.858022655664457901e+00
9.463723287275509488e-01,-1.064332690294746309e+00,-3.594048518079157595e-01,-2.060908086066364664e+00,-7.262123847057244674e-01,-9.323902179272521018e-02,-7.362326043208108350e-01,2.509463670331451013e-01,-8.612831685090146516e-01,5.194444816351851957e-01,-5.885946969748901969e-01,8.028015316712944216e-01,-7.015496699161900551e-01
7.007934471652252917e-01,-3.681371863916035880e-02,2.172067268972747156e-01,-3.671999734924955017e-01,4.748998330282730995e-01,-3.964351285116098078e-02,2.981822195543445408e-01,-6.047145127667556963e-01,-1.039791987754424690e-01,-4.136440064595451882e-01,-6.372998023681249180e-02,-1.313830284791250025e-01,9.501511716626910575e-02
4.109197791439703207e-01,2.925709785262707308e-01,-7.110928621972206765e-01,-1.822440445445497603e-01,3.110710788998765630e-01,-1.120781540926692577e+00,5.000313773452732535e-01,-1.017816255532059122e+00,8.422491759220540608e-01,-6.195134750230738563e-01,8.653242890275816279e-01,-7.425016253008441813e-01,7.882250071824307147e-01
4.845498837343681364e-02,5.938975975161876475e-01,-8.207750295821735209e-01,1.593359639989524179e-01,1.230340535270863622e+00,-7.289300794725181998e-01,1.391238690886791529e+00,-7.055962547928734674e-01,1.000188089648629708e+00,-1.072491217102708116e+00,7.066042568523847045e-01,-1.294177958764021419e+00,9.986298952905341419e-01
-4.970174280104062703e-01,1.126692678965228955e+00,-8.610925672700643352e-01,1.407103269364156639e-01,9.745174853951685812e-01,-1.091270429963484112e+00,1.217830567026626287e+00,-1.161158523345309668e+00,1.440392922865189274e+00,-9.661380063264789486e-01,1.206568312903145479e+00,-1.277371914817566179e+00,1.342947841158010913e+00
-1.425425024845539568e+00,1.397756247862024681e+00,-8.396577940251916949e-01,9.419321741623788435e-01,1.524549359416137007e+00,-4.194778784679651373e-01,1.355233025803408875e+00,-1.380987465785879609e+00,1.206205209132767076e+00,-1.272426283375126754e+00,1.111318198249225064e+00,-1.356948445583368024e+00,1.298435688721320869e+00
-1.968708455582151462e+00,-1.686909927307171098e-01,1.027287165806092251e+00,-8.099197973522083427e-02,-6.313884294991651824e-01,7.791229843639109198e-01,-4.772135821761384067e-01,4.446846360751559035e-01,-4.026310817030189226e-01,3.649262006590694440e-01,-1.496718696592437559e-01,-7.318955942025602741e-03,1.327036238529943069e-01
-1.738791114718766795e-01,-1.057461831877110736e+00,1.416441667740732990e+00,-1.201590681474727029e+00,1.325924229172708302e-01,8.027314621849842569e-01,-8.073470299937923755e-01,1.004743141760334968e+00,-5.537030442189408985e-01,8.422949922053817318e-01,-1.103068195828004194e+00,6.171217150971120002e-01,-7.195735339970742439e-01
1.014319805967209387e+00,-3.331083519407274096e-01,1.797872206233764425e+00,5.829713083727905421e-01,-1.835924302934403285e-01,1.550011362827882655e+00,-1.356131292475699857e+00,1.533503114239037624e+00,-1.133776489493240280e+00,1.415126981382385019e+00,-1.476527234557425627e+00,1.335344183497664483e+00,-1.537822578987634081e+00
1.154872792654781266e+00,9.222157861086420841e-03,-2.963470376125756367e-01,8.805737697724315138e-01,-1.495056183670927075e+00,1.716017529696053812e+00,-1.362477488913009349e+00,1.714717216114603815e+00,-1.404279068696695498e+00,1.309450832495983486e+00,-1.546842104536590545e+00,1.381940995602314093e+00,-1.621688547636773947e+00
9.511367515221095248e-01,-3.646837868635771640e-01,9.181472949655442028e-02,-1.086456332527514279e+00,-3.543403406672671063e-01,-1.762500694644261456e-01,-7.017885547811146818e-01,4.657688656962887253e-01,-4.329676944357403467e-01,7.907389527530708229e-01,-7.411823217985560319e-01,7.124540976007177617e-01,-6.117565811663563391e-01
7.028285491627108694e-01,2.419081393695761972e-01,6.375622860216040300e-01,-4.504991796065362791e-03,3.351957627731879108e-01,-6.022020258600505604e-01,2.671509990511442556e-01,-1.638763637839627807e-01,2.683463905032727470e-01,-3.125575886157277994e-01,-1.062919371222411785e-01,-2.709378075752785220e-01,5.226629096037269107e-02
4.138755053616037238e-01,2.939315853443931204e-01,-7.402469573029845096e-01,-2.301133777620485155e-01,4.593240974453099978e-01,-1.097896389140177176e+00,6.663637826974816436e-01,-7.065667787306053604e-01,8.499927037634215088e-01,-7.332971330779197716e-01,9.983162630846832419e-01,-5.599735145701614236e-01,1.113400049382867074e+00
5.100659582347115417e-02,1.455090593086074024e+00,6.754257673674115559e-01,1.596314221396992528e+00,1.382751045207443408e+00,-1.200279135763857363e+00,9.545785429221658180e-01,-1.145169011477766396e+00,7.317549658076784036e-01,-1.107980519385006524e+00,1.042561857358011990e+00,-1.015686892086966830e+00,8.963834169277652419e-01
-4.952638303502762129e-01,5.041012217650203686e-01,-1.112705521976877110e+00,-6.220483946333523612e-02,6.493707625827581653e-01,-1.469056388866206042e+00,1.181094088780828111e+00,-7.910618146042265320e-01,1.332915994172728658e+00,-7.955481393735154283e-01,1.599361858408300252e+00,-8.560301286416991395e-01,1.305656758685030283e+00
-1.424691930724658828e+00,1.749137366149318362e+00,1.298347980998574777e-02,1.796650388304846135e+00,1.796164934938009550e+00,-5.972934574685915265e-01,1.310786906871137525e+00,-1.043479407636438205e+00,1.162618256471791733e+00,-1.298814172424575197e+00,1.019758356841264701e+00,-1.295256138662613576e+00,1.003284313749425394e+00
-1.978315862539713699e+00,-7.378148878001892230e-01,3.973928564820792264e-01,-9.159745799830083524e-01,-9.503074846095136419e-01,3.026577675563488223e-01,-7.573344762721941903e-01,5.991251567242916742e-01,-3.075636575477889711e-01,2.051260628534841146e-01,-2.174347950998322121e-01,-1.307543621127748266e-02,2.629112738141006766e-01
-2.031700149458548210e-01,-9.528049877090417619e-01,1.621078425111354582e+00,-1.326214039083615681e+00,-3.343304250308043457e-01,6.290087701993613001e-01,-7.447826622074298353e-01,7.988648542333539604e-01,-7.685757652038182064e-01,1.050566139404354171e+00,-5.533397836271700676e-01,8.294335927298925881e-01,-7.614855077114687232e-01
9.901067613115340782e-01,-1.325636560060076796e+00,7.144660028061901036e-01,-4.904709837611589407e-01,-1.229680430558666160e+00,8.580870074679903814e-01,-1.120367211856683420e+00,1.749681127622819021e+00,-1.059369113172429877e+00,1.652319702276169977e+00,-1.171868992123027864e+00,1.500625974882102032e+00,-1.529740460656656253e+00
1.146492770023807672e+00,-1.148573816127572422e-01,-2.351367717388237188e-01,7.121529992537113385e-01,-1.601571155046406236e+00,1.827216947380747580e+00,-1.275607391914808986e+00,1.532361599402010777e+00,-1.500870763844199152e+00,1.269716812207911660e+00,-1.651994089371605190e+00,1.361639188671000866e+00,-1.744678278773640123e+00
9.451680193928326812e-01,-8.804464729444221316e-01,-1.826577036797609188e-01,-1.486954668971007809e+00,-7.008189947165553990e-01,-2.334779315371383057e-01,-8.236427338359423311e-01,2.667389186738607920e-01,-5.784647067632796569e-01,6.514172496959385050e-01,-5.560876035704712672e-01,9.484901622577956992e-01,-7.582416472105488747e-01
6.992235917320552829e-01,2.872303953910281260e-01,5.153481205520999975e-01,-1.770874116326988656e-01,3.666520187429582744e-01,-4.404680596326359110e-01,1.272192819758167504e-01,-4.981674332986028020e-01,3.483857198035738428e-02,-2.497861253335758036e-01,9.920990130962092923e-02,-2.850505179102150732e-01,-1.886546299452002695e-01
4.111235415110628399e-01,1.243753558114424757e-01,-1.038512506538853186e+00,-1.362497699233875093e+00,-2.400900384440926849e-01,-8.333681465432861701e-01,8.147293679250302567e-01,-8.537178164026192340e-01,8.588288420003765689e-01,-5.927899875546925879e-01,8.404891588763858667e-01,-8.971894054750800818e-01,7.789163966160468355e-01
4.839138941510293113e-02,1.182733813578188187e+00,8.231257765389377035e-02,3.531250819829127169e-02,8.830860361943223547e-01,-9.641434704655902355e-01,1.175266933542931547e+00,-6.894280866547747300e-01,1.017967205269896924e+00,-1.152325106131209198e+00,8.329176154428308276e-01,-1.089985169385583985e+00,8.731886764550028657e-01
-4.960764751643161330e-01,6.531233307943687949e-01,-1.451174481220408596e+00,-4.767405808571067438e-01,7.720604831872592833e-01,-1.345619914266116268e+00,1.121072618536267829e+00,-1.050074187700767103e+00,1.259778043874612230e+00,-1.256322510952715854e+00,1.113914370217681027e+00,-1.056424769230138727e+00,1.190262414511951361e+00
-1.423757250516370254e+00,1.524495650651287448e+00,-3.330900363649380580e-01,1.615331423520636411e+00,1.266251832016987544e+00,-4.095383428608324050e-01,1.605137539825202797e+00,-1.058646330356505683e+00,1.539228904705862711e+00,-1.085124265830367252e+00,9.166198495436356231e-01,-1.473519348134106455e+00,1.094226203757542759e+00
-1.968738965391895634e+00,-8.747422573974780180e-01,7.107314730333347264e-02,-1.234555359152755827e+00,-8.766796591231027502e-01,5.907678097201584100e-01,-7.044844523018813920e-01,3.089365168879246726e-01,-4.838593340598513759e-01,1.840826663103306560e-01,-3.509274349987783759e-01,-1.086450357455595941e-02,2.970633300511680286e-01
-1.769484319008370610e-01,-9.741230403153667838e-01,1.717048464045316081e+00,-8.118337497983776352e-01,1.044724252314690877e-01,9.195547876976336577e-01,-5.477212872071660632e-01,9.340133361764577646e-01,-6.023678099003467734e-01,1.054460272925553221e+00,-8.953706505411508365e-01,8.392877428545120200e-01,-6.295987439527421792e-01
1.013879570298219734e+00,-1.283039622006282521e+00,5.634974215963611810e-01,-9.747834134860817734e-01,-1.001339653854376177e+00,1.319256157557524567e+00,-1.073677337171154100e+00,1.619099570970186086e+00,-1.250451871196657461e+00,1.532095877140773998e+00,-1.117840834853826903e+00,1.831208864834536820e+00,-1.210718856223464313e+00
1.155652310236000124e+00,5.009045819530763728e-03,-6.509699123558014555e-02,7.369047954313225901e-01,-1.570108531852538292e+00,1.863013188619913496e+00,-1.424693416721775296e+00,1.613337246107619194e+00,-1.199497316924370560e+00,1.429245028930888006e+00,-1.589432190060449335e+00,1.602567331303514031e+00,-1.539938262901389132e+00
9.521495655841553107e-01,-3.022709482798398573e-01,2.881338284692497309e-01,-1.289244878810226869e+00,-1.878065229064285191e-01,4.093933043187758525e-01,-5.065783197695635787e-01,4.995673198807376036e-01,-5.417292242365832067e-01,7.102677967774152501e-01,-5.876783150932582966e-01,7.432413825501461568e-01,-6.953174016320990969e-01
7.033376714413287489e-01,4.998644413487465105e-02,1.421257944686241947e-01,-7.039534688805831886e-01,3.354193479877894402e-01,-5.474191579476959946e-02,5.011864759677081560e-01,-1.317240068436759670e-01,3.049574357156544790e-01,-1.129280963689658634e-01,2.358852100418561415e-01,-1.200750591420263469e-01,-1.686941433299046778e-01
4.148559650028144086e-01,8.811183893074856499e-01,1.932239859285757866e-01,7.524473301530085756e-01,8.671617738687767973e-01,-5.062605978570274834e-01,7.504290041110738274e-01,-8.955234456428666778e-01,7.718578992047369081e-01,-7.934976643727869039e-01,7.545457463516479502e-01,-8.056713809338559296e-01,9.438024985382039711e-01
5.210177512118718823e-02,5.164819830305736881e-01,-8.083542029790538597e-02,9.666796693420374176e-01,1.121178949070483544e+00,-7.655965535688104007e-01,9.764776187812017616e-01,-8.174619353105943009e-01,1.156988764411894577e+00,-1.097022729351667891e+00,8.960223844964446682e-01,-1.020685427035449289e+00,9.837169611976247507e-01
-4.949080955789522673e-01,1.408969471373315852e+00,-2.545422216428268047e-01,8.414038621887931502e-01,1.343205556525144395e+00,-9.984893160545110780e-01,1.052883382948319513e+00,-1.090736865664406530e+00,1.313165615905572015e+00,-1.034418235270513131e+00,1.409712839814516006e+00,-9.622397698732263471e-01,9.891989139933142772e-01
-1.426437682946928076e+00,1.458772184481891498e+00,-2.755205490323823225e-01,1.936013900907572527e+00,1.462306884163376619e+00,-3.757909350142373817e-01,1.374070251592911962e+00,-1.017827737143379929e+00,1.251304875748241674e+00,-1.382084784814118672e+00,8.708745054727590196e-01,-1.413916934205930787e+00,9.525950128369584657e-01
-1.976427299796095216e+00,-5.863339803488866186e-01,7.524459499943824126e-01,-3.506122208421422748e-01,-5.472147337242776466e-01,5.661263996632590612e-01,-6.161782841962568646e-01,6.332742446554723292e-01,-1.694740094077904768e-01,5.894585567791177372e-01,-8.811930009563750943e-02,-5.947988691578774039e-04,4.653901336450029236e-01
-2.049227328539105775e-01,-7.037753912456071737e-01,2.253385495088075618e+00,1.064230206045872207e-01,1.145256586804535848e-01,2.670300004173563613e-01,-9.138900951564941089e-01,8.029584566291140257e-01,-8.533718457452597050e-01,9.002860180354529396e-01,-6.734405269593610743e-01,7.348524612330040728e-01,-8.821085009829154888e-01
9.911165488342944530e-01,-1.346431664635003189e+00,6.047684908530255310e-01,-8.006389020568739356e-01,-8.152733715726743213e-01,1.565496037095067461e+00,-9.538715857777592122e-01,1.513605535734021679e+00,-1.053710233985307276e+00,1.932891509057270030e+00,-1.034191314800506634e+00,1.541953459646460578e+00,-1.462918175768631146e+00
1.147414761226072555e+00,-1.305437181473147468e-01,-4.572404949347461112e-01,2.944168317738009577e-01,-1.529039624384537444e+00,2.117512549190462501e+00,-1.348194675721587688e+00,1.527185947478144845e+00,-1.331628654160952108e+00,1.606325846256852818e+00,-1.361746932514160902e+00,1.420703276853789720e+00,-1.753615935697058870e+00
9.473737428999342569e-01,-8.517075103594538010e-01,-5.282053038288443414e-01,-2.373676398789108521e+00,-7.177904796439068535e-01,-6.478134077915426170e-02,-6.848059359756097919e-01,3.509486188796755446e-01,-7.055852579494454879e-01,6.396769722425889038e-01,-6.420568859566458952e-01,7.351273233231613302e-01,-8.175097335012969646e-01
6.994487116957299744e-01,-9.610928368794570756e-03,5.708681972551191697e-01,-4.810160816525882455e-01,2.049469610235538919e-01,-4.185147856077102713e-01,3.421955987420087775e-01,1.212327901835261179e-02,1.924392592678495495e-01,-3.163902449619150348e-01,2.904168376344847327e-02,-3.557688462489260184e-01,-1.355702338366529258e-01
4.095942131317231172e-01,-2.645338747461685736e-01,-1.212885447687770402e+00,-7.083771783599726035e-01,1.612816030434002790e-01,-9.794829209068699472e-01,6.952323332677312617e-01,-6.479458157543251939e-01,8.810400511406850654e-01,-7.465797473027205866e-01,9.354261898826221611e-01,-7.631510837007259296e-01,7.041025103475340163e-01
4.871305739197884233e-02,9.382912438451846970e-01,5.513157862530766451e-01,1.094619678004698393e+00,7.808715980460161354e-01,-7.382695538767365395e-01,1.039262895857939739e+00,-1.017005792930292030e+00,1.126170608706484000e+00,-1.021156677323568074e+00,9.038116729583718367e-01,-1.362294372456400282e+00,4.121253567738483170e-01
-4.970530149459339020e-01,6.443478406183255069e-01,-8.428412410344284789e-01,7.306633572954759903e-02,1.087363149771465531e+00,-9.744041142406215661e-01,9.287977938738243289e-01,-1.371369511696038934e+00,1.330786134193542969e+00,-1.284101740585008589e+00,1.137643495494259804e+00,-9.750832944491492071e-01,1.008337032816686740e+00
-1.427092588306903664e+00,1.496307457816466790e+00,-6.198342779195979979e-01,1.414506417145742878e+00,1.642183974925905954e+00,-7.272706124706982411e-01,1.207877319713679620e+00,-1.140178336634046330e+00,1.459018234990296037e+00,-1.077583464345830411e+00,1.405654538141763776e+00,-1.466689428624665670e+00,8.086268520888783007e-01
-1.973267236239323097e+00,-1.144585873080060212e+00,3.665256091881521350e-01,-7.552004431224996761e-01,-8.824226054825671239e-01,8.668811513628118526e-01,-6.476810628553376636e-01,3.554094567172512154e-01,-3.610869974669537741e-01,4.262192558348835147e-01,-2.991060134147994001e-02,7.534325228722421608e-02,1.504173047385166107e-01
-1.758191471650717708e-01,-1.298020818636830054e+00,1.800334910609845185e+00,-5.861964715587929531e-01,-6.112835104716486390e-01,2.859380816452808949e-01,-7.903380941294216866e-01,8.287657113422580712e-01,-7.277871239164164230e-01,8.056270429727505622e-01,-9.796296090566941617e-01,6.971657453776840541e-01,-6.989581959796027366e-01
1.013891912757093117e+00,-5.091959424419550961e-01,1.209461845800202440e+00,-4.787375988899752327e-02,-7.616319942012020894e-01,1.374911340986074704e+00,-1.381213656226095932e+00,1.182387199688952339e+00,-1.261460208138599937e+00,1.467135860382019485e+00,-1.634633016244356751e+00,1.396840012541537446e+00,-1.254901298216536176e+00
1.156341652559755406e+00,-1.809339090727619392e-01,-3.297172375875858097e-01,1.124713571510381538e+00,-1.462356602881764944e+00,1.855038456375445621e+00,-1.272391614213713495e+00,1.575692785680790742e+00,-1.257885686245086232e+00,1.673766496045610674e+00,-1.464994131382960862e+00,1.322772208642370551e+00,-1.801845552645844561e+00
9.513442380073466875e-01,-5.631916567905295157e-01,3.178546557892313884e-01,-5.684284604041046629e-01,-2.154931004796449001e-01,3.438732552378413465e-01,-4.153199811996748925e-01,4.042381396693306983e-01,-6.308205237687305456e-01,5.815528809816564726e-01,-6.281489643786585253e-01,8.400937805385815249e-01,-8.362329581566042558e-01
7.034780429444271732e-01,2.618510183232286015e-01,7.191799720211514702e-01,1.230756680280756105e-01,1.497746208927205891e-01,-4.624468706831542097e-01,3.795306805560673125e-01,-1.287838552819622617e-01,1.745869420964043794e-01,-2.788764818913380683e-01,6.296821445606609613e-02,-2.926535455217489923e-01,-1.372761556666045879e-01
4.137527877952412725e-01,3.188372609254262469e-01,-5.946396769775221802e-01,-3.254212970027727803e-01,3.104928690857047813e-01,-1.108967079009067991e+00,5.213950406794886083e-01,-8.312543832686272172e-01,8.261703490182944476e-01,-6.994945331605657568e-01,8.255129359740688288e-01,-7.144026530494824723e-01,1.141294175116193577e+00
5.143412227235048817e-02,8.704459969011033582e-01,-2.120629164600221772e-01,4.588437082884618823e-01,9.643688159000716187e-01,-5.362593207442817311e-01,1.290356666599343782e+00,-8.243329410773292398e-01,1.207151530585757193e+00,-8.920022613638638465e-01,1.052989942181008720e+00,-9.890693639594271280e-01,8.445377755298753009e-01
-4.972038584964912356e-01,8.496229377320243525e-01,-3.812168354845353879e-01,6.685648746437360401e-01,1.172430687129013327e+00,-1.240097480488650206e+00,1.152108747675747669e+00,-9.177368625628955501e-01,1.131819817774485371e+00,-1.130845661843124406e+00,1.362452188640728146e+00,-7.742744493153004282e-01,1.102524312322008093e+00
-1.428944162753721603e+00,1.248774896562050651e+00,-5.243412337767214826e-01,1.464865895351927350e+00,1.446687042267824408e+00,-3.629511702490705316e-01,1.767118632929647992e+00,-8.815006963789886463e-01,1.216410152286489410e+00,-1.204473970639787339e+00,1.148885604968145957e+00,-1.270729083882730981e+00,8.117517626891206373e-01
-1.979527328753102555e+00,-1.038206836006501321e+00,-5.793028654074429407e-02,-1.374739647710411239e+00,-6.437334043387916704e-01,1.264517937704493278e+00,-3.739669910921648577e-01,2.959187487161814567e-01,-5.688956140770341507e-01,2.079680149522016297e-01,-1.507698165404876556e-01,1.385825225588319110e-01,3.187016667220292088e-01
-1.977186138130430371e-01,-1.177050370594090678e+00,1.388566289509467699e+00,-1.230335694646885303e+00,-2.725234896556387176e-01,6.503693100194868348e-01,-7.551869088820341025e-01,7.463525793529338648e-01,-7.094654417916128608e-01,8.673400492387919325e-01,-9.886998237065868222e-01,6.900274948682827425e-01,-8.210195864327853865e-01
3.752858295155792612e-01,1.265688834555261266e+00,-3.624770991212520332e+00,4.248256918672259075e-01,-3.627168693876846817e+00,7.766509890260704374e-01,-2.255495633703433089e+00,6.522514123597690228e-01,-1.692880465300988124e+00,9.436136308382864213e-01,-1.510673874731146116e+00,8.917459590896126276e-01,-1.467336740996775912e+00
