9.467818727003098900e-01,-2.361090693808833407e+00,-1.806133417993682544e+00,2.926156534964340583e+00,-1.766269459879160841e+00,1.420638317452908250e+00,-7.290685933600813406e-01,3.882572550759279539e-01,-6.736017026648444261e-01,5.675562713247156443e-01,-3.828827675163919420e-01,4.841957805063652476e-01,-6.459362253341432991e-01
7.004961301078850289e-01,-1.404188376068430943e-01,8.660662945402285429e-01,3.923709360743578567e-01,-3.194628217840517204e-01,-4.220722985757114909e-01,5.832723422799844792e-01,-7.342102190860258504e-02,1.624302016676536231e-01,-3.829375673191844354e-01,-1.040197091815106278e-01,-3.766385379242658815e-01,-7.545725840645509108e-02
4.109979987805196799e-01,3.255048125948274418e-01,2.819197650269628652e-01,6.011605156668948374e-02,-1.284054566330411831e-02,-6.156386277267587026e-01,7.068639293284578740e-01,-1.135741897759379615e+00,5.845352104338515931e-01,-8.443173365960832122e-01,8.869299011562978841e-01,-7.240600562344997604e-01,7.499710123601953660e-01
2.980531748391882299e-02,1.239596064492710648e+00,5.179136697607429340e-01,4.140714679984608404e-01,2.664392127159770363e-01,-1.058086505744105787e+00,1.051248449311793065e+00,-1.202930521922245477e+00,6.855528481125523488e-01,-1.242613209438137689e+00,9.171521587056953306e-01,-1.259268049485364527e+00,5.866840094209082590e-01
-5.461446458714498409e-01,7.046528688894569958e-01,2.216900834046673929e-01,1.675446919324709905e+00,1.276519971112878737e+00,-5.507705026456789499e-01,8.384444507910233657e-01,-1.913242464268197329e+00,1.075967682739109366e+00,-1.194646355860806697e+00,1.004993526378764601e+00,-1.086597421129545049e+00,1.232348619926593614e+00
-1.488266084361356878e+00,1.177077404325607812e+00,1.619333121498965355e-01,1.665749500176557873e+00,5.079519961391824046e-01,-9.659960688936370943e-01,1.445314835618728422e+00,-1.037861761745950684e+00,1.241065113765500660e+00,-1.198567516203060901e+00,1.026363610287408523e+00,-1.473837342980430121e+00,8.619454473052527987e-01
-1.993044021718393122e+00,-9.960391000598580735e-01,7.267673359155967239e-01,-7.829944442178761455e-02,-9.062714436533905182e-01,3.669566344986874840e-01,-8.165632353607815697e-01,4.359886043066130146e-01,-2.980901053168253934e-01,3.258259376663772966e-01,-2.289843918681233603e-01,-2.577667622030702446e-02,2.628314056398874943e-01
-1.706770058295632997e-01,-1.412266494792696614e+00,9.990309427430048572e-01,-1.328224898259644959e+00,-8.089139129911040449e-01,2.628597846798262361e-01,-7.501161572385316445e-01,6.544742952409389192e-01,-9.205672211705517860e-01,9.508175730824423022e-01,-8.157010257281868126e-01,5.884446073672592314e-01,-9.113566562216317557e-01
1.011120901457024157e+00,-1.046446660361919134e+00,1.045854119988916642e+00,3.377784067347869290e-01,-5.726971613271069073e-01,9.159668640214677637e-01,-1.760425050169586614e+00,7.367949896065221216e-01,-1.505327585469889096e+00,1.505119051220095372e+00,-1.473536383360810609e+00,1.181459100712700883e+00,-1.781144126355379553e+00
1.151739628106713376e+00,-1.944494968062974172e-01,1.991613683236225785e-01,9.815262710535801460e-01,-1.602226482373278138e+00,1.350010892976357901e+00,-1.542229727939440798e+00,1.115807910091474175e+00,-1.865061919874370533e+00,1.130805273892101726e+00,-1.690246956385673682e+00,1.193109574548191221e+00,-1.685489636526375179e+00
9.509473735672653305e-01,-8.475681110701265286e-01,4.998725657533035216e-01,-1.943101698444445469e-01,-3.278342391322424665e-01,1.351997133238838911e-01,-3.679789980126206839e-01,1.411428543218161691e-01,-1.033735557151987505e+00,6.095324998077747969e-01,-5.793691494928284724e-01,6.985393883703671092e-01,-6.964440135218188388e-01
7.073501033129500071e-01,-2.647584437864501927e-01,7.478918258376432426e-01,3.845749515853207345e-01,-2.774193321891588876e-02,-3.749012903052483803e-01,4.712523661266961317e-01,-4.121770552226943218e-01,1.458937855291530528e-01,-1.862349127687896178e-01,1.048432672860276776e-01,-3.255794963285894017e-01,-4.720460360840333935e-01
4.159211808296198742e-01,3.055910826082181564e-01,5.033023052991668633e-01,-2.078146924546234453e-01,-8.948483479107917082e-01,-1.290917749475528176e+00,8.287370556065479787e-01,-1.101374224247098743e+00,5.073229849538619662e-01,-9.470296513239028213e-01,7.566385691398078706e-01,-7.421391950063056520e-01,7.891565674862067725e-01
3.928507562034968398e-02,1.018679048695091183e+00,5.343246055057124799e-01,4.014953985213179366e-01,3.429188833921851254e-01,-6.369781758011097139e-01,1.024680077878954432e+00,-1.249814709414816649e+00,1.009373838985294647e+00,-1.143471665123934722e+00,7.407922944799824050e-01,-1.193479249383685881e+00,8.868984645883403184e-01
-5.298881090528569926e-01,9.323907181107031761e-01,2.387671403877136833e-01,2.812400365438037508e-01,3.710214399125640050e-02,-1.535751270219875231e+00,9.298560472520860376e-01,-1.201284133376024688e+00,1.197576197209008653e+00,-9.885579120752762128e-01,1.341237363690047646e+00,-1.092753881839990893e+00,1.270046960736804342e+00
-1.468611131758349009e+00,2.630429131081644112e+00,9.909862576876247164e-01,2.958248952852704949e+00,7.823998077842448939e-01,-1.654477889392384604e+00,9.894318947973176348e-01,-1.680900811201493150e+00,1.277536374377333805e+00,-1.084563172882900384e+00,1.356256712639764439e+00,-1.432580917822397382e+00,8.307763300512700511e-01
-1.986781703082574069e+00,-8.744199796877258901e-01,9.833913205616011677e-01,3.307430191058218782e-01,-9.425219552983543636e-01,3.968975690171615556e-01,-5.078206078060203410e-01,4.601834991374173511e-01,-4.248908710506559272e-01,3.512150854654096377e-01,2.694893965242700293e-03,1.350263754876361855e-01,1.197632720528183647e-01
-1.931127100803948782e-01,-4.526619094787106556e-01,1.701032346168700915e+00,-3.821920628192013170e-02,1.941047910926456677e-01,1.256288126465108901e+00,-3.777343364164341133e-01,9.334425300057013208e-01,-6.124456308873363897e-01,1.055010459169255954e+00,-8.062401513080631466e-01,6.092069341206729494e-01,-1.021505362346270651e+00
9.913226913227285442e-01,-1.001105169562052755e+00,1.177632233558373320e+00,6.382035515679304050e-01,-7.609839461092572366e-01,1.032433544147870919e+00,-1.057485176159642437e+00,1.489345582654169942e+00,-1.224017342362107241e+00,1.587176663221930628e+00,-1.191830799001452057e+00,1.479371967887394890e+00,-1.514315119075869909e+00
1.144585566667405852e+00,1.725442148214276772e-01,7.601575537827450768e-01,1.978095408508337094e+00,-8.184260640793404873e-01,1.749697405900217273e+00,-1.363918374472490758e+00,1.394362850645315843e+00,-1.380135165298335576e+00,1.545306034748124668e+00,-1.365665687265136263e+00,1.558573917909136242e+00,-1.713369052799601278e+00
9.449140359568058978e-01,-8.186557599874151325e-01,9.810946515071572449e-01,2.274966965340097791e-01,-4.168022919613386668e-01,-1.340636479179952434e-01,-4.757441008679312855e-01,4.486532486035339495e-01,-6.548138390911982798e-01,7.363354671554490638e-01,-5.328765905379698742e-01,9.055866414054206670e-01,-6.998388519967954080e-01
7.004987804371046733e-01,-3.461109836899081693e-01,7.020371254521112769e-01,3.438203951282446380e-01,2.993765416911764454e-01,-3.524875396161852859e-01,5.550189194956048899e-01,-1.172338030179434498e-02,2.706809630846228609e-01,-3.576445130660949046e-01,9.295895439745897881e-02,-3.498125931797527871e-02,7.728737084045139705e-02
4.157551717908125055e-01,3.310799851311017616e-01,3.074387297012924902e-01,2.213762030610446907e-01,8.463900360049540772e-02,-1.462810748024097718e+00,3.735604447996357935e-01,-6.964958276288709671e-01,7.640844263799632108e-01,-1.048329725538690971e+00,7.626703248533668322e-01,-6.698258290638080537e-01,7.407200083092276843e-01
4.443063590263510859e-02,9.532543526269229295e-01,2.838420149303434448e-01,6.424175722888540996e-01,5.979589421380352432e-01,-1.267160950282993692e+00,9.233206904440212082e-01,-1.150293928746469296e+00,8.405036861744072940e-01,-1.205169526027338511e+00,8.505631449821188239e-01,-1.279780387205648795e+00,6.556688799186780603e-01
-5.182443601410015033e-01,1.167583755887795949e+00,1.123404179293805705e-01,2.606478993508085096e-01,-3.607013452938822584e-01,-2.320871047411984467e+00,9.221639001451050754e-01,-1.233868443047760666e+00,1.112689703430157939e+00,-1.066341452262735023e+00,1.069458289005293494e+00,-1.214731530701281370e+00,1.216867546091937147e+00
-1.458742266965747936e+00,1.691920903742176963e+00,-2.328660248456330684e-01,1.347827183141639518e+00,9.336586139382127003e-01,-1.002429453234977119e+00,9.645225649396274026e-01,-1.535932774427642533e+00,1.148121099477339202e+00,-1.593550979435972348e+00,9.263196128842500210e-01,-1.437247389359698646e+00,9.581483818104936656e-01
-1.972681470953209226e+00,-8.126949839969180855e-01,4.531765211567843066e-01,-9.567253018807633236e-01,-1.098655307528728642e+00,6.393537559895009492e-01,-6.332017523164568118e-01,2.641051194953116799e-01,-6.157619239378520071e-01,1.787788145741027734e-01,-2.186956552933222719e-01,-1.213979149230654149e-02,4.642709595922298593e-01
-1.712386162769788112e-01,-1.372216089543389028e+00,8.841735243892164808e-01,-1.095280908649659768e+00,-4.888597238232905151e-01,5.013489700520025183e-01,-6.094686047434098031e-01,5.839405761226394986e-01,-1.243293500703680943e+00,5.627093358893404673e-01,-9.211293355331068300e-01,5.831801152873221650e-01,-1.005532299898441728e+00
1.007648098180417451e+00,-5.003174211093555090e-01,1.157238835909434771e+00,1.074811905768405795e+00,-2.423378659748201824e-01,8.283756621827516042e-01,-1.317086642374564409e+00,1.364787245814004457e+00,-1.439757038957414359e+00,1.302231050625591635e+00,-1.587672519308415353e+00,1.305771674339207156e+00,-1.409041456579256835e+00
1.149565770985795377e+00,2.194311452260935269e-01,-4.227011387401848341e-01,7.437340777806993042e-02,-1.257692711795972418e+00,1.548584616881905962e+00,-1.544310862895669212e+00,1.554612704837642800e+00,-1.298045500657537543e+00,1.425570298076127340e+00,-1.406176157589010156e+00,1.692778598829901560e+00,-1.569023398320561036e+00
9.508310302798527180e-01,6.006442866714483131e-01,-3.333046900992141515e-01,-1.745003494838964775e+00,-2.617453508386527114e-02,6.121594269641622565e-01,-2.144153679006917113e-01,8.547591112670273050e-01,-5.107314407831035075e-01,3.792662543455578850e-01,-8.816964818259322989e-01,8.006430966172612962e-01,-6.482440194004787104e-01
7.071305344736235066e-01,1.080967429499680499e+00,-1.109809495305115412e+00,-1.861370128480937192e+00,1.174742520502163101e+00,5.258806636609525409e-01,2.381925633196794456e-01,1.760772957471189518e-02,2.971144115747418324e-01,-4.772560546406134918e-01,1.075344723586925053e-02,-1.293950500498193823e-01,-7.888997050290397217e-02
4.189491257307956240e-01,7.923235412196781846e-01,-2.027132728992520949e+00,-2.268094189029982388e+00,1.543068493558019227e+00,9.223485574944211285e-01,1.207570631915316550e+00,-3.076130397067521338e-01,8.828873273490113194e-01,-9.967920697681816877e-01,8.631773233122728151e-01,-6.956459556793744836e-01,6.520968267824055475e-01
5.081631350440494327e-02,2.235597447230687873e+00,-8.650616753772596423e-01,-5.790701081421978369e-01,1.898401387010301145e+00,3.646942313848829109e-02,9.948939906903161434e-01,-1.051634731746717621e+00,9.383965913336992370e-01,-9.517333707038131418e-01,1.136926281306746445e+00,-8.163989439762314726e-01,8.670791601537536364e-01
-5.102099709572229802e-01,9.429189868432253929e-01,-1.866911881425739272e+00,-1.613975657923324647e+00,1.640731059758070876e+00,8.143848759250701397e-01,1.473895120463915465e+00,-1.141865572032501719e+00,1.434083914590344788e+00,-1.016925847397378790e+00,1.720245587619235295e+00,-5.209994872186826109e-01,1.509636482869688878e+00
-1.445782421958570874e+00,3.391381432963660902e+00,-2.411682986042336108e-01,5.142183917042590924e-01,1.577512403630458859e+00,5.729519896338765295e-02,1.310029846086714800e+00,-1.250460137728082177e+00,1.260414699415299822e+00,-1.454968252695738595e+00,1.260916817817468116e+00,-1.180394293610994128e+00,1.108074246591086442e+00
-1.968965440250870280e+00,-7.265415231723074685e-01,4.258081465476246108e-02,-1.215163392422158761e+00,-3.147781858405581112e-01,1.634009125009679320e+00,-2.557918630666592974e-01,4.577208814024816275e-01,-2.751492600776790365e-01,4.860102545515620487e-01,4.801904938215129093e-02,3.501393869256506641e-01,5.336162895987752730e-01
-1.885271032418448234e-01,-3.548433374090587122e-01,1.131400377048360273e+00,-7.195240695119737850e-01,5.427465657056221859e-01,1.555242652158206118e+00,-3.918169391979817728e-01,9.282483966913578355e-01,-9.121784559559086292e-01,7.628754362676342105e-01,-7.480169591536267593e-01,7.881861432689022395e-01,-6.693524768547812753e-01
9.915260132752510280e-01,-9.043000659645598072e-01,2.608195568945991805e-01,-9.000519464615468479e-01,-5.077448522095758809e-01,1.363050997270606857e+00,-9.759531987512187756e-01,1.654428193327041496e+00,-1.102088119478995543e+00,1.475377228848076872e+00,-1.299691718630292536e+00,1.718731001021742477e+00,-1.215471690957889095e+00
1.144181183341146157e+00,1.067627019163421703e-01,1.461339213737643250e-01,3.515882390505183364e-01,-1.435784818048100098e+00,1.841410385299019570e+00,-1.584358810236137005e+00,1.347172829431146246e+00,-1.179516387526781340e+00,1.573042618041904817e+00,-1.482465504604328022e+00,1.523720447112130394e+00,-1.648139787200934681e+00
9.424816237150155374e-01,-6.470524676916666884e-01,2.640850132717596499e-01,-1.131112493768722915e+00,-6.274393627793141137e-01,-2.974672697559118117e-01,-6.908013881397282452e-01,5.096978894273255234e-01,-4.350989362373501868e-01,6.686784940562444657e-01,-8.387165011048530738e-01,6.372227577526750064e-01,-5.120322097891304436e-01
7.006370943115087790e-01,-7.186103618626248080e-02,2.339101454832132609e-01,-9.193711932829184974e-01,7.450353576787961674e-02,-3.633187257142905247e-01,7.988037435251867102e-02,-5.113127697295214436e-01,-1.857017583306965966e-02,-1.554528132477919211e-01,2.231405426598551400e-01,-1.261217169975017149e-01,8.792233770590364428e-02
4.154166276761209198e-01,8.410974672497108229e-02,-1.197041692420238446e-01,-1.026528830713425711e+00,-1.341024098357624372e-01,-7.592213076593780086e-01,9.608331988850681293e-01,-8.343822339084735473e-01,5.742360634537282404e-01,-7.478400607447890369e-01,7.024169779150924997e-01,-1.058796233534491815e+00,9.094383261776627370e-01
5.143530025872095068e-02,2.296176127572234493e-01,-1.421091376059218647e-01,-1.191094435569457266e+00,-3.843321923024176079e-01,-9.694706634448534421e-01,1.423236146403870750e+00,-8.909212946124960286e-01,9.421154449975515099e-01,-9.087894858135228127e-01,1.179538475067809733e+00,-1.223283482499160080e+00,5.433544108277044149e-01
-5.038627398457559137e-01,3.174207352684589867e-01,-3.522241296911833852e-01,-6.115170069366676620e-01,1.777677070444350083e-01,-7.834082614890487406e-01,1.502111047530284127e+00,-9.369286444786060208e-01,1.099380754539066363e+00,-1.420387629552935183e+00,9.452630822142950029e-01,-1.318202680802810001e+00,1.392156846375529833e+00
-1.437595437601749015e+00,9.938205787172191830e-01,-1.860636255537373995e-01,7.288493244356190059e-01,4.430617869485743987e-01,-1.272468455541665655e+00,1.572262357828154933e+00,-1.192804462635276508e+00,1.332396942227868974e+00,-9.418136018744239779e-01,1.323903871973539648e+00,-1.380931044602250024e+00,1.276085458294609065e+00
-1.962749469608660036e+00,-7.848900262771993930e-01,5.439392213094116357e-01,-5.035860184983540488e-01,-1.119085465049012518e+00,2.905063223787532900e-01,-6.938957979376024765e-01,3.192132568181357266e-01,-5.323992367006294968e-01,9.109953479863791559e-02,-3.616926319853440708e-01,5.041911078354225501e-02,4.071317514004348381e-01
-1.653972063515638802e-01,-1.084623276023439553e+00,1.474546261626808796e+00,-8.962617441691689280e-02,-3.824872479772554734e-01,1.909075868660549957e-01,-6.295062781717233324e-01,8.756515607394648182e-01,-7.569424757771057166e-01,1.202191623461436709e+00,-7.107597990348103467e-01,5.950267295912629040e-01,-7.737639192243200847e-01
1.011227331693309139e+00,-1.193639733009334680e+00,7.477168261969182605e-01,1.485687625698454105e-02,-7.075074556285628757e-01,1.300801013640245918e+00,-8.565013153398721713e-01,1.580459485070527581e+00,-1.296042780382618886e+00,1.564206479377849623e+00,-1.340788990523408497e+00,1.446286378364981973e+00,-1.406457006974755286e+00
1.151035800647572271e+00,4.594014304497226475e-02,6.726163603648291911e-01,1.416448411568608456e+00,-1.437445508875190070e+00,1.472223093064092048e+00,-1.247917800549293244e+00,1.317829253610133255e+00,-1.411550714617656022e+00,1.715546117564369366e+00,-1.454716975759771103e+00,1.248640163801233660e+00,-1.862233481284975234e+00
9.496751164590500061e-01,-5.722583020773844842e-01,1.776300346237364991e-01,-1.813956103175701440e+00,-5.399499452735117000e-01,8.521701765595391942e-01,-1.419686888986164131e-01,3.485351026106354166e-01,-7.422671875192109470e-01,6.666360791768668470e-01,-6.053324364974731475e-01,8.976921449854494695e-01,-5.338567085608174612e-01
7.048109766040902002e-01,7.321279763372390281e-01,8.355926242213367328e-01,-5.634706149466616187e-01,3.547803538563623627e-01,6.677594587757313960e-01,7.366544869033588849e-01,-5.242188961850020590e-01,-6.742346026198846320e-02,-1.829647477132303746e-01,2.459244966413937084e-01,1.557231529182737939e-01,1.166035327427038387e-01
4.186790982882545031e-01,4.563533504789890616e-02,-2.610942556154219885e-01,-6.218850270967372085e-01,-1.064431261017677044e-01,-1.448851252699513148e-01,1.258073792472282681e+00,-7.667794409471755390e-01,7.810083054608333297e-01,-8.040090410137659127e-01,8.535645775742985997e-01,-5.140194632849662826e-01,1.283271508030717545e+00
5.424673553902985973e-02,8.002686653101598324e-01,3.934363407697340498e-01,1.525872515881877001e-01,4.700137901218399139e-01,-5.065053731551435456e-01,1.302763703959088470e+00,-1.001435934672290307e+00,1.100892766996613759e+00,-9.591071991954270848e-01,1.160547460111018392e+00,-7.635719368765849779e-01,9.932312939613472391e-01
-4.997199173561279184e-01,-3.045087709771930259e-02,-5.801772904124737895e-01,-8.698857084762606773e-01,7.126594162378810382e-02,-4.822258939537453215e-01,1.538417228275826387e+00,-1.076280963520490630e+00,1.284850474082015026e+00,-9.136397655631505188e-01,1.327584026330738798e+00,-8.758165014607027787e-01,1.436924310496586976e+00
-1.433245003515634775e+00,9.058095459194497323e-01,-4.306152527560503374e-01,-4.872623523293079240e-01,5.964289228795991576e-02,-1.119360026319374146e+00,9.798198857374992299e-01,-1.267625221513709155e+00,1.670250960230459825e+00,-8.786057915965326259e-01,1.333809026609967585e+00,-1.183639197675733667e+00,1.279467965057771384e+00
-1.963843823252803711e+00,-1.435377011535390990e+00,-3.448817058766816268e-02,-1.402234404487036290e+00,-1.088323620250823076e+00,3.123961584117559975e-01,-7.488626532561762916e-01,3.137691085047941697e-01,-5.533154306704637371e-01,-1.163331843444325026e-01,-4.477978268344605661e-01,1.875949921878902402e-02,2.644354371181568686e-01
-1.918556540492507290e-01,-1.625378901355598815e+00,6.917067069162246007e-01,-1.752671464397543843e+00,-8.454534192893783384e-01,1.582410744659719370e-02,-9.370784112240855279e-01,5.719124569069848896e-01,-8.745237254910404046e-01,8.434345712701530884e-01,-8.719454881793256007e-01,6.485150947721899373e-01,-6.851487185956728343e-01
9.895614258397339436e-01,-8.854501854777769854e-01,7.678427460532168958e-01,-1.835878428612377211e-01,-8.010517699020252014e-01,8.482952796468732348e-01,-1.422074671084853303e+00,1.173542508728259381e+00,-1.319790335767124567e+00,1.376455232143384944e+00,-1.475219250410924055e+00,1.461733009809587314e+00,-1.237726722789727951e+00
1.142766708202904047e+00,-4.437175352855525223e-01,-3.719223557818528147e-02,1.366379628119657706e-02,-2.109949522987342618e+00,8.914409603965214313e-01,-1.416022733082239915e+00,1.429532162662989547e+00,-1.463033354787845797e+00,1.520410979039915400e+00,-1.367786824814567481e+00,1.619487844670718157e+00,-1.446897931423332118e+00
9.453025085098580860e-01,-5.910539715961464768e-01,6.727800323531493154e-01,-4.294831554309718191e-01,-4.536265112744091166e-01,2.278376432755314651e-01,-4.949619763028429986e-01,5.334585368571739261e-01,-4.678004514696316174e-01,5.217964893413828964e-01,-8.867839841379053789e-01,6.083627582789485899e-01,-6.861561852852251508e-01
7.015599774194013483e-01,-2.815187455406346073e-01,6.814645687581990519e-01,-4.937710333465661350e-01,-4.654370907858995099e-01,-6.143543201899566153e-01,1.811126355149525469e-01,-3.454384901060928992e-01,2.038519383719975819e-01,-2.989668539467134692e-02,4.331139369600725542e-01,1.465673007289501339e-01,2.089390827827772579e-01
4.165091996716538403e-01,4.371679568858453102e-01,6.257980881803490991e-01,3.124575877033817783e-01,-1.778617191109706508e-01,-8.444390050649858148e-01,8.733488424849903398e-01,-7.469265242581373254e-01,8.409893423715176786e-01,-7.944469018942721394e-01,8.545366168734733758e-01,-7.703359442887159902e-01,6.114874880720273520e-01
5.519216472889158787e-02,7.284613607399086366e-01,7.449980739053541079e-01,7.194440372644058668e-01,3.995096495542137249e-02,-7.681239963099371071e-01,1.224176542131364620e+00,-1.161469200419823267e+00,9.436079422717549292e-01,-7.572343338812789204e-01,1.091304371804356910e+00,-1.098139574354351389e+00,6.095114166121635702e-01
-4.951737973262332337e-01,4.384813140023910427e-01,-3.671678235189516915e-02,3.577212019167197998e-01,7.179407685372698467e-01,-4.468244981258024384e-01,1.221113826053523477e+00,-1.119977588404045488e+00,1.325220502282741464e+00,-1.015943349374164750e+00,1.140868193700184552e+00,-1.360105241688300381e+00,8.633928534924490972e-01
-1.425146696899820764e+00,1.587657410524519586e+00,4.644475425677088154e-01,1.726781254558716894e+00,1.000628231444241178e+00,-2.167008288906050184e-01,1.097719513230231314e+00,-1.162339741082976774e+00,1.037337325106568287e+00,-1.158415204988394676e+00,1.161135112935823610e+00,-1.335317393988112222e+00,1.175219943438821302e+00
-1.952901991984656638e+00,-9.988291188889849570e-01,5.976529140994301104e-01,-7.485193523660034209e-01,-1.006443396003313673e+00,9.013850257002887778e-01,-3.789455148655627714e-01,5.391648864896353421e-01,-2.059800435624414838e-01,5.333832138909742060e-01,-1.114514215122260898e-01,-5.139739424766080061e-02,2.345707060703395574e-01
-1.654105049123718862e-01,-8.643915101844590332e-01,1.654516955278246826e+00,-3.704810580740602877e-01,-4.467439981914071989e-01,9.938809049499713888e-01,-2.379800686643791519e-01,7.051529274005418069e-01,-9.581863503623444522e-01,9.317596955628882904e-01,-7.283728060516287961e-01,9.269119166947329402e-01,-5.991039257520724970e-01
1.011027297508293232e+00,-7.850253518263856645e-01,1.161185562172578623e+00,-3.628806122278269708e-01,-1.166161069883640655e+00,1.246123923711436099e+00,-9.906606023965871533e-01,1.158079844842326178e+00,-1.428491110149148868e+00,1.447880257200031329e+00,-1.453556628834894671e+00,1.501813131280933078e+00,-1.523609034753888203e+00
1.152786220148213525e+00,-1.727776378163966009e-01,9.066929513878853319e-02,4.553179151561224658e-01,-1.513296564613797690e+00,1.653628877967621591e+00,-1.310371144746455663e+00,1.440132611466794721e+00,-1.447979812568733538e+00,1.442468594430834861e+00,-1.314968541852089334e+00,1.595441472754148160e+00,-1.753539803691769983e+00
9.500896781659892154e-01,-7.145135281526329152e-01,3.242251769811024253e-01,-3.391998569065100555e-01,-1.857555678994063098e-01,1.341298187575185041e-01,-3.172197925298736454e-01,5.601268991549878118e-01,-8.114173540600485568e-01,4.548186446106213254e-01,-5.488391696777947804e-01,9.852934642547327426e-01,-7.312624826134933587e-01
7.048991220499997157e-01,-1.248381507220943515e-01,-3.437213413826955000e-01,-4.938838132580685159e-01,5.517952557020872062e-01,-8.653258241108414683e-01,-7.211464063627098797e-02,2.569167658902238652e-02,5.427870679445148117e-01,-8.129920782610358665e-02,1.251211700643805602e-01,-2.794898134547446622e-01,-1.274038342174954597e-01
4.183335941091365640e-01,2.607343931427446027e-01,-1.147956049040799398e+00,-2.965477716384713469e-01,8.894876502573866306e-01,-9.651769861985926013e-01,3.060586250846120127e-01,-9.417988403350849858e-01,6.930120798550739591e-01,-1.037206584971890777e+00,8.312384388508763378e-01,-5.940557587539814222e-01,8.273510430172513752e-01
5.623790653607328716e-02,3.492951118893566353e-01,-7.885172510612256103e-01,7.983236670415516656e-01,1.466183228629543089e+00,-1.354129303676173679e+00,4.436486939273237007e-01,-7.884433051991968089e-01,1.293734380351042601e+00,-1.023064645929037564e+00,8.986481794932181799e-01,-1.049401402623853841e+00,7.676195998655176433e-01
-4.926660380605820122e-01,4.348410509074613906e-01,-1.183889016748177481e+00,1.100304117340538346e+00,1.709153757945847119e+00,-1.141228526097389784e+00,9.123826478827827824e-01,-1.287794556214956643e+00,1.154627018121301196e+00,-1.209758489136429249e+00,1.101712941316266070e+00,-9.859217067384566935e-01,1.292525177262136671e+00
-1.421925215606649529e+00,1.230965293874942468e+00,-1.214176169391025351e+00,1.466642103860209767e+00,1.592672967412273266e+00,-1.576557517659609164e+00,5.819977272759295772e-01,-1.263544066303325053e+00,1.279150554805845497e+00,-9.571079134986425485e-01,1.321806360754394172e+00,-1.250773796945010563e+00,1.131992265249149865e+00
-1.952851490591816619e+00,-1.162240578299513327e+00,-4.373685710837619256e-01,-1.128260320622071489e-01,-7.347575544804647585e-01,-6.418794832081902157e-01,-9.247865346761316996e-01,3.407051578979223838e-01,-8.352370983540555738e-01,5.914743337419584024e-02,3.759274667815900445e-02,1.053351745460439221e-01,1.562762480715804148e-01
-1.842591728315795263e-01,-8.724880028513926078e-01,9.100833689791201775e-02,-5.101970460681415354e-01,3.363412173617543188e-01,-3.737154595545548186e-01,-1.093974295991686052e+00,1.147780521676080356e+00,-8.253777279253740051e-01,6.897347031770493242e-01,-6.553337287767450059e-01,8.422835549680508516e-01,-8.978419069114239592e-01
9.937222693104856841e-01,-1.248111529372369022e+00,-1.577845271258049520e+00,-3.839079821620964283e-01,3.693323436279219441e-01,4.095784784650783328e-01,-1.289196359147990689e+00,2.004129694820413476e+00,-9.303633084321718538e-01,1.425224427224573542e+00,-1.570937221334578915e+00,1.264356326510049477e+00,-1.458096288200563029e+00
1.146064263461294974e+00,1.632172836299253596e-02,-1.744652158485868743e+00,2.105249813372303880e+00,6.198587269273532208e-01,7.558846030327711629e-01,-2.015371698388950250e+00,1.802364677755650346e+00,-1.008935765257154671e+00,1.225493199736342076e+00,-1.934383993614719355e+00,1.552711534897011081e+00,-1.105721600651349945e+00
9.453306696014843746e-01,-1.127247346155314967e+00,-2.437133041049998727e+00,-1.839272406243660021e-02,1.722552316964231611e+00,-3.951112576354587347e-01,-1.043828472209680447e+00,1.080327087986232115e+00,-2.243273554444538131e-01,4.614077558731016215e-01,-8.464035597546024636e-01,7.063071293924347849e-01,-3.198921373239815846e-01
6.998966015714745970e-01,6.462846199188951868e-01,-2.032088347266121975e+00,2.312096189658056355e-01,1.862872111473796055e+00,-1.392456869096013961e+00,-2.577005631478540004e-01,3.330978849605733538e-01,5.233118305998568642e-01,-1.696820630804795615e-01,-1.273994764345460703e-02,-4.089991907729153553e-01,3.601558529399153663e-01
4.155458913726843284e-01,1.971431043016167728e-01,-2.848352106578834864e+00,-4.943711845568004026e-01,1.232203032156579781e+00,-2.044640595204318512e+00,5.339389623266321827e-01,1.180055348385956968e-03,8.993714142294502167e-01,-9.322707641430354464e-01,7.621575021109212589e-01,-1.091666078703085185e+00,9.076873849379534231e-01
5.706060883089179858e-02,1.191684126760086171e+00,-2.477099941263316119e+00,3.019227674572728115e-01,1.783934539914187267e+00,-1.481107421342788832e+00,9.411124910345620709e-01,-4.203892827129593335e-01,1.156829502626613326e+00,-1.269805665525710392e+00,9.740260526176121036e-01,-1.041181498381985593e+00,1.040698642468823376e+00
-4.874693357308007569e-01,3.853110722488884976e-01,-3.093346179316773359e+00,-2.074124111506790435e-01,2.220889723130001769e+00,-9.206227408283896851e-01,1.333029345466917315e+00,-3.029066340482090558e-01,1.345423470072106387e+00,-1.303638630411205090e+00,1.006784480466936138e+00,-1.151423696177493960e+00,1.113447155954751189e+00
-1.414090147548196175e+00,1.971663849979628624e+00,-2.086112565478650982e+00,1.899566563402824260e+00,2.503908176451825618e+00,-1.082992904875733853e+00,1.366780983344693556e+00,-9.656906385585730668e-01,8.961562142901382533e-01,-1.927381714335175467e+00,1.160192128733195549e+00,-8.270283272998467661e-01,1.152361396285863204e+00
-1.945596615490285508e+00,-1.257238941221179740e+00,-8.159780655070238975e-01,-5.591889782493646432e-01,3.656577356097916454e-01,1.062850030668135437e+00,-6.784030499730657748e-01,6.547105674727486946e-01,-4.978869116869328315e-01,-1.432446811316308022e-01,-8.619445201564460146e-02,2.393155440628992880e-01,-1.679912170243517619e-02
-1.600878204860221588e-01,-7.745190517128508478e-01,3.703545740996568858e-01,-1.071513913634224879e+00,5.262041582657299710e-01,9.450225790804595016e-01,-8.610480517651556420e-01,7.614465613405989597e-01,-7.891506561674367370e-01,7.698596252138985019e-01,-7.763042070291084062e-01,9.449114895073225107e-01,-7.861876943754719793e-01
1.013854461813491037e+00,-1.557982012050349141e+00,-3.267684338508489716e-01,-1.105805699402732545e+00,-6.666336422356932134e-01,9.145710382909321146e-01,-1.304017448877210272e+00,1.511285044922882514e+00,-1.199103050875788057e+00,1.431891368664012232e+00,-1.343519337401345659e+00,1.615372811399147235e+00,-1.354265454195688223e+00
1.151779914919621950e+00,-1.158457052792127850e-01,9.874628006162232408e-02,1.170226788208493129e+00,-9.044989115859302098e-01,1.429479417221791060e+00,-1.660414792209308210e+00,1.313973269411773170e+00,-1.511367830701210391e+00,1.502574359004796856e+00,-1.506598082327750054e+00,1.402441431552121198e+00,-1.513945233103185517e+00
9.502392341982950352e-01,-1.049488534254495065e+00,2.300914476984067536e-01,-9.316250162171354487e-01,-3.884612281058377192e-01,5.945016207551018228e-01,-4.149452618489620215e-01,3.419004506486272854e-01,-5.996456129088799658e-01,7.055397146732217406e-01,-6.478903120520336234e-01,6.729969358103914390e-01,-8.036971824200407344e-01
7.052656601427286231e-01,4.489882702995732361e-02,7.010263742702876888e-01,1.399804586610260970e-01,2.248018081373477639e-01,-2.743903662790269093e-01,-7.516160671677434013e-02,-6.616282066621161917e-01,1.032174578322219843e-01,3.420543352878736842e-02,2.167596982405302075e-01,-1.616098140709713860e-01,3.746174107911118267e-02
4.189813054863384956e-01,-3.325437037431864806e-01,-2.505286649520617748e-01,-2.817375607462145881e-01,1.551571152447879243e-01,-6.193264046336743878e-01,6.679826627862543997e-01,-7.626953950847026320e-01,1.219090413604736911e+00,-5.560539467918684808e-01,7.891455615514233468e-01,-7.148555685996873521e-01,6.279504415560211994e-01
5.887191075130026457e-02,6.634256178986989161e-01,4.176040258171333508e-01,4.653967901622891867e-01,4.539650789028664563e-02,-1.115612082613738121e+00,8.892211431859908810e-01,-9.299303368375937406e-01,1.385082916579726708e+00,-7.844306798351935450e-01,8.399722806810430153e-01,-1.048845216065871444e+00,1.117737445553984577e+00
-4.867129749875958589e-01,3.486959298134773705e-02,-4.208553202872808430e-01,-2.885666195373154941e-01,2.890083024396098094e-04,-9.404956558834195457e-01,1.347945846634764244e+00,-1.302384638810227369e+00,1.344163265772333471e+00,-6.840024075098926071e-01,1.419225047745356960e+00,-1.099619598896928618e+00,1.395587995838588835e+00
-1.412066371953106803e+00,1.751141475429159655e+00,2.586101637286708499e-01,1.486844448140494324e+00,9.545551485362082644e-01,-6.398517174179120248e-01,1.155780911842723579e+00,-1.329850239735345774e+00,1.220923448734207994e+00,-9.784084040698205476e-01,1.332641758478632088e+00,-1.254150926789574072e+00,1.292514147236119681e+00
-1.949403351120603922e+00,-7.931842943036462312e-01,5.789629519850864048e-01,-4.148081521019018614e-01,-5.545931561261651099e-01,1.315118620190627974e+00,-5.644360895579042525e-01,2.008537981281373896e-01,-2.780723610077714958e-01,5.428440955752317221e-01,7.922485360284302336e-02,3.215427799933933684e-01,3.996161139550850616e-01
-1.907557390077681547e-01,-6.900371350404593818e-01,1.511523868389158087e+00,-2.234714104519325839e-01,-6.214562513165291374e-02,1.150625321696527870e+00,-4.132395996624971257e-01,8.016041111787929330e-01,-8.063729677847459865e-01,8.765395795610478880e-01,-7.869728295168836318e-01,8.657579182594178357e-01,-6.119257587657674913e-01
3.785787452644387430e-01,1.170049702339286402e+00,-1.386797155782747204e+00,5.593185694850454359e-01,-3.322517807628385000e+00,7.150034080451569407e-01,-1.804778042561904883e+00,9.613885243281612425e-01,-1.563388707213341000e+00,1.008097376012126789e+00,-1.349906209020455883e+00,1.069057629330231185e+00,-1.479853781066344798e+00
