1.134417535103165342e+00,3.714174741206117680e-01,-1.235172638262533873e+00,4.444208667383694689e+00,-2.749624399525949059e+00,3.442025637849150943e+00,-1.923298206765489127e+00,1.968655528343498773e+00,-1.730874356662835956e+00,1.660677886383410629e+00,-1.554578644890378447e+00,1.611980685250946177e+00,-1.612774929842107019e+00
9.553112696109600233e-01,3.172515333363019191e-02,1.417717663025573893e+00,9.091754904148343641e-01,4.571761870223789437e-01,9.199537856956880866e-01,-4.875097916529845254e-01,8.877004161484945977e-01,-8.216795063495009321e-01,8.019018895197096430e-01,-8.752581496800749816e-01,8.228534720464653063e-01,-9.347205521863403144e-01
7.337051295686907171e-01,6.388192233913406737e-01,1.704986374336355137e+00,7.393358973700732140e-01,1.194592307255506247e+00,2.391096255571753537e-01,4.924285742316772407e-01,1.601537974073856674e-01,-4.922594090398748484e-02,1.625256836938381855e-01,-3.395937145369398724e-02,1.984190148174761470e-01,-1.300063179878336861e-01
4.727457548841114132e-01,7.124212262627745984e-01,1.890871062630689048e-02,6.474541509588058741e-01,9.781206098914964064e-01,-6.196997009521505451e-01,7.121108843792217646e-01,-6.563685077135815726e-01,6.025895641939099656e-01,-6.444401239781429869e-01,6.040120774761406075e-01,-5.568798601219892008e-01,7.295933458196504073e-01
1.573815554838076669e-01,9.772303566108191397e-01,3.939754510660970488e-01,1.113604938648128151e+00,1.116997310344644889e+00,-5.796488304904436895e-01,1.139313565538556228e+00,-6.452026383464088966e-01,9.858120125210327878e-01,-8.848534486319145076e-01,8.577139124359848266e-01,-8.344070606487724584e-01,9.520411343114347780e-01
-3.013361953212294053e-01,8.427605996463338744e-01,-4.266214845927754906e-01,2.419162557257861779e-01,6.242804842671985099e-01,-1.351424831155866091e+00,1.020179699014608143e+00,-9.437945923131980663e-01,9.899698997104375842e-01,-1.016685300652250934e+00,9.930200660956506331e-01,-1.103001270402298450e+00,9.462169559346005343e-01
-1.064572111329822990e+00,9.762383950994694137e-01,-5.928659949420840292e-01,3.965946743326290713e-01,2.866750403238382261e-01,-1.118885261449419799e+00,1.165854003669647421e+00,-1.084255209599007230e+00,1.311051465289894580e+00,-9.662103331059739286e-01,1.082680324417931939e+00,-1.061115856226267695e+00,1.186818599598447932e+00
-2.359758563612231796e+00,1.199937356103153885e+00,-1.906122245029801432e+00,1.679125940211155132e+00,-7.814000252523137791e-01,-3.634321579408264502e-01,2.648328970615281830e-01,-1.075630359101866551e+00,8.301695249919486264e-01,-1.197360804933944145e+00,9.862030495911522365e-01,-1.164741376633831926e+00,1.134994052838810719e+00
-5.353198548279290980e-01,-1.564379590692402511e+00,1.464188327929121680e+00,-1.172418270408253527e+00,8.985125004695254658e-01,4.925227035243512907e-01,-4.793716722385377160e-01,7.550199605797662805e-01,-8.185122389082853944e-01,6.129897511488311412e-01,-7.669595607892745193e-01,8.151406587930747349e-01,-4.686060755371455055e-01
6.904010955042785280e-01,-1.158718018549147910e+00,1.866033268491939401e+00,-6.486925631122776315e-01,5.651365433188217935e-01,1.031642265840479578e+00,-6.952411227673842564e-01,1.371787269819465527e+00,-1.090110073379283673e+00,1.252684318976112765e+00,-1.248580234989038473e+00,1.358049001296513181e+00,-1.081614324687878437e+00
1.115598239027544292e+00,-7.652030785800716106e-02,-5.925159934031586362e-01,6.244087221118502784e-01,-1.805484812196290978e+00,2.417735691713875479e+00,-1.954486939942370549e+00,1.923502472846140954e+00,-1.587934756598881725e+00,1.689918606253024702e+00,-1.690691004522032248e+00,1.686617515647704124e+00,-1.583291762706043215e+00
9.423054708057179152e-01,-7.114262403954808578e-01,2.449744012687687655e-01,-6.544134622423835035e-01,-1.085703674022182319e-01,3.252703339206521882e-01,-1.100361819272578812e+00,6.887887083492867379e-01,-7.816077685067222003e-01,8.096119879368423033e-01,-8.457341991909581580e-01,1.004906647831360855e+00,-9.598721525025415424e-01
7.230142005139603700e-01,-6.657405934924539581e-01,-2.633391811601330790e-02,-9.913460097591177966e-01,-1.384000535610923344e-01,-6.284590946546150247e-01,-8.487563552058088531e-03,-2.909691247546974252e-02,-1.554324372452101366e-01,-7.800211645366884883e-02,-1.567702925068042985e-01,1.513527048290085886e-01,-2.301513451883837880e-01
4.655071962273466535e-01,3.442386785159062268e-01,-4.772226311203586757e-01,-2.011710976707237197e-01,3.590839119704962723e-01,-5.277197158024899970e-01,7.131633704045557964e-01,-7.803339545640834984e-01,5.712187104840847907e-01,-6.923813428968210726e-01,6.628821443108257050e-01,-5.943568588250001117e-01,6.565466525763746786e-01
1.510889186817775398e-01,5.745323551495519210e-01,-5.496817170735160962e-01,-8.837577547800182232e-02,5.509233697451823009e-01,-6.184494894735352855e-01,1.024518086144684315e+00,-8.699565861864871907e-01,8.840556267229453535e-01,-9.117983749344203970e-01,8.676859560986142084e-01,-7.631899504107521048e-01,8.595267636694633451e-01
-3.040143015278947702e-01,1.254324962681427014e+00,1.917714940759238651e-01,8.525735105629216326e-01,9.136322161636112327e-01,-7.399694063627600960e-01,1.382132742050988572e+00,-7.611539361935479864e-01,1.011901192058984877e+00,-1.132561096580233517e+00,1.009958114417975672e+00,-9.425918457759656643e-01,1.059530063134576983e+00
-1.066747552407839805e+00,1.369037061791755772e+00,-2.251357696187573643e-01,9.746567495218547705e-01,1.102761610463032227e+00,-7.003389503189979548e-01,1.442674287082671869e+00,-8.163107662997878267e-01,1.221026265703363256e+00,-1.041505288000240670e+00,1.142673425250939623e+00,-1.070103209801215538e+00,1.103744214191060280e+00
-2.371533538071369129e+00,1.725232513875348817e+00,-1.190564551655520109e+00,2.062218144933928521e+00,-5.125950986927370057e-01,1.820971064991359079e-01,8.820147654223197131e-01,-5.751199217240846595e-01,8.512136640578817914e-01,-1.168631189903756695e+00,1.256534769908248306e+00,-1.112796333424911799e+00,1.151060454127313726e+00
-5.132568937345024507e-01,-1.316368485531796528e+00,1.947257614980070439e+00,-9.239659701598643693e-01,4.978259748125674622e-01,3.083705819683656424e-01,-3.167022871162746278e-01,8.974995763022298734e-01,-8.104233263842082202e-01,6.165959027455480967e-01,-7.554247161588900639e-01,7.665070595551979338e-01,-5.441332803205030100e-01
7.073449611032094353e-01,-1.478434641757591539e+00,1.669529783358723041e+00,-6.699665331873959628e-01,3.610393099914891990e-01,1.090484515380593988e+00,-7.763844721044814712e-01,1.443139987218426956e+00,-1.139970774520674635e+00,1.166584089890775111e+00,-1.206122978569385662e+00,1.391529593060244707e+00,-1.126481945351692548e+00
1.124584863313089933e+00,8.354169341760733780e-02,-1.309464312042360745e-01,1.565263703641525783e+00,-1.655200482938388173e+00,2.262433059873846020e+00,-1.862557287285908414e+00,1.813029457212774753e+00,-1.784188011823208742e+00,1.634907896319049980e+00,-1.615987897106350157e+00,1.750213967375116919e+00,-1.635482091054311971e+00
9.494586556492565776e-01,-7.287456775203506876e-01,3.212932231549293083e-01,-3.942959575114807769e-01,-1.322526602420798225e-01,5.824431926270813298e-01,-5.399077770841583801e-01,7.798709516967360367e-01,-9.357177093890390873e-01,9.527968182348658388e-01,-7.473399807318840127e-01,8.582946949138331449e-01,-8.779840747551904689e-01
7.283436043651208003e-01,-5.271214950862866955e-01,-3.413626432195327604e-02,-6.885746129988216113e-01,4.792572245248000740e-01,-3.264755201929161466e-01,1.770552392708591993e-01,1.133190610710402418e-01,2.818159346096540518e-03,1.756890866249613270e-01,-1.205840183270410759e-01,9.297394189344039550e-02,-1.273997415867556271e-01
4.688822427228103717e-01,2.838365061126188471e-01,-3.860090169963275031e-01,-1.797525818063440972e-01,2.360808897176812915e-01,-9.740745548798938058e-01,4.943281191063044200e-01,-7.726492924575532051e-01,4.037748592624791355e-01,-8.624437143487785340e-01,5.726494838810096688e-01,-6.643506832111111260e-01,5.174903734708342640e-01
1.542403430469321823e-01,3.848821530919391831e-01,-5.554802503991195239e-01,1.905389641683761723e-02,5.127277474371266797e-01,-9.927271963368755614e-01,8.862105199767268404e-01,-7.624157145337095987e-01,9.005660380570172929e-01,-9.465683025901001635e-01,7.749625166739275706e-01,-9.792917850034003058e-01,7.466325563247701025e-01
-3.029087031427572518e-01,9.408907953586679307e-01,-4.996796793947661519e-01,8.340222065008950914e-02,8.451327223837192815e-01,-8.092410726915086894e-01,1.110729627697942146e+00,-1.052245351472408164e+00,9.379460056851988137e-01,-1.081538496678432715e+00,9.969960804567086221e-01,-8.875760536721211125e-01,1.036175810923339879e+00
-1.068578585329552411e+00,1.039994290406480726e+00,-8.556824695530388381e-01,1.994121402902264695e-01,9.383040218593895476e-01,-6.568640927781106420e-01,1.212086435964203623e+00,-9.666920500931346361e-01,1.237197639502825242e+00,-9.408055011633094100e-01,1.262558643571917161e+00,-9.481618773879486595e-01,1.158777509852352505e+00
-2.362523781919549037e+00,1.581813619839883778e+00,-1.539519022937234860e+00,1.681619510509762438e+00,-7.202329358403252169e-01,6.514417076367025328e-02,5.164357293143561067e-01,-8.852334730842081889e-01,1.041060327038818345e+00,-9.817864296516611855e-01,1.102993335657235896e+00,-1.067860929018077831e+00,1.200574904446105595e+00
-5.387145473047367794e-01,-1.770673047542715262e+00,1.378015321425777762e+00,-1.759598491485079741e+00,3.910524674425688296e-01,5.203665647822653950e-01,-3.401085343652042736e-01,8.146951238350328417e-01,-6.921403135140210550e-01,7.946355813373537913e-01,-7.452969373328784952e-01,6.374490952196775195e-01,-5.907531998161421605e-01
6.890634692543954332e-01,-1.466398301329262743e+00,1.680282076673141445e+00,-6.629885362903570334e-01,2.940622691785764187e-01,7.141389982490344845e-01,-9.161242958464664854e-01,1.187769406843017572e+00,-1.167770764092616709e+00,1.262577425022539890e+00,-1.317944703222634351e+00,1.162635931411504453e+00,-1.176103688517770474e+00
1.114903110900112848e+00,-3.307817067500628538e-01,-7.730141974784817682e-01,4.893862549102214188e-01,-2.404000098865398893e+00,2.031149414603336201e+00,-2.197893388214323895e+00,1.621257763295698151e+00,-1.803701080168726767e+00,1.594137074268005883e+00,-1.824205634583219604e+00,1.448862382388782732e+00,-1.830344644022316780e+00
9.435492673480395664e-01,-9.307754264494318142e-02,9.375774467219843977e-01,-2.572521375232408314e-01,-1.382894199108119504e-01,5.720820456221850092e-01,-7.707570864794622834e-01,5.853181812145160645e-01,-7.701394697900032504e-01,9.575145520514445341e-01,-9.109465797944116261e-01,9.081668078450831905e-01,-8.478553005194098269e-01
7.236588111022919101e-01,-4.765772801219262944e-01,4.153963327612820167e-01,-4.765501016964573400e-01,7.042282786785563076e-01,-2.890840642068102095e-01,2.408937085023768465e-02,1.310210696039145750e-01,1.238771666338616267e-01,1.789375361223725647e-01,-4.544666035645869573e-02,3.080310144944877204e-01,2.933004395099855777e-02
4.655981253289127042e-01,1.197459457526640181e+00,4.960122505183509056e-01,6.810869714011835718e-01,9.366236838868436942e-01,-4.353490736594519128e-01,7.550897020277842486e-01,-5.682953651536073458e-01,6.706827579891403435e-01,-6.011655280247716338e-01,7.926967411863183877e-01,-5.105887554138065498e-01,6.301330874272763616e-01
1.509235501765924803e-01,6.954539580700408452e-01,-1.662335175532488885e-01,3.957995597185973158e-01,1.160756580339501465e+00,-3.954207333644724209e-01,1.008474410415532319e+00,-9.707585621495260497e-01,8.474508899461209444e-01,-7.298806127782905273e-01,9.523827098916989309e-01,-8.192646265893024360e-01,8.612615268724176376e-01
-3.018894672423992898e-01,1.230471692015954854e+00,1.260312854997089893e-01,5.965313684678431594e-01,1.424146413475051443e+00,-4.421761293881561472e-01,1.250511200501744025e+00,-7.602945085346984877e-01,1.110837542228938268e+00,-9.765604973576055281e-01,1.173720787150200451e+00,-7.530094912362513826e-01,1.165504011810044593e+00
-1.063576583830648126e+00,1.605308606933564031e+00,1.008240459523965793e-01,1.127572528942086372e+00,1.249857644638875831e+00,-5.998948537924873037e-01,1.254683164435664855e+00,-9.411850412158945245e-01,1.176257103727121001e+00,-1.011762652001408025e+00,1.187280571288145348e+00,-1.122193489461116522e+00,8.298381840084249061e-01
-2.367909817852138499e+00,1.801790386877532679e+00,-1.188429592769933318e+00,2.186760588969197450e+00,-1.929423951914518987e-01,3.801151021227123783e-01,7.752033952175407805e-01,-6.023921488368108035e-01,1.122343538903248339e+00,-9.665309395653819413e-01,1.188705751091049700e+00,-9.818196147946530727e-01,1.431836287038408040e+00
-5.105083152159002324e-01,-1.297916037724947236e+00,1.870177550886734430e+00,-9.546525056043131396e-01,1.064726948401245155e+00,7.033501722244285270e-01,-3.534960531545868201e-01,8.636452171588256954e-01,-6.276927824880911277e-01,7.592751207139040170e-01,-7.696276564587136715e-01,7.642658155020460864e-01,-5.316266480779207049e-01
7.083967244921685058e-01,-1.449419129931400985e+00,1.304253714586784074e+00,-9.253386242803964823e-01,6.767528466066574655e-01,1.166034933023496478e+00,-8.342607475654929550e-01,1.293352167562942912e+00,-1.130763270086419192e+00,1.347043126416281433e+00,-1.142838563494444459e+00,1.413988450342443581e+00,-1.164241800169394603e+00
1.124280476089170921e+00,-1.554664213368158465e-01,-3.775019208762131484e-01,7.987511633489338125e-01,-2.525759284869768528e+00,1.937129115294770720e+00,-1.977970868810806637e+00,1.764798854276790063e+00,-1.695838953936026794e+00,1.745815584416148036e+00,-1.633568993364977517e+00,1.662347678967239561e+00,-1.672392495932082612e+00
9.490533270040728553e-01,-8.830559247340612483e-01,1.561459614362057657e-01,-9.970382765123837476e-01,-8.854147942047844166e-01,-2.662476038560365743e-02,-1.091725530243277564e+00,4.213438317742485006e-01,-1.092153980007704250e+00,7.461761972324333358e-01,-8.602718407938833023e-01,9.472933045634496230e-01,-9.260418810252499799e-01
7.287683896524199678e-01,-7.061778802719942405e-01,4.251988967819268772e-02,-1.048759891855404192e+00,-1.128100984781766347e-01,-6.734523588302057107e-01,-6.893780134483673550e-02,-9.903747539258619600e-03,-1.062699394135612485e-01,-6.972344675274137760e-02,-2.764122761016756802e-01,-2.414967780225614827e-02,-3.216795090535222723e-01
4.706949771055090603e-01,1.620309031192822269e-01,-8.263963543794431432e-01,-8.487588809559009073e-01,-4.592720707073663644e-01,-1.265987158986881855e+00,2.388370087150184506e-01,-1.013497431590585363e+00,4.993464435970689230e-01,-7.879611757938596028e-01,5.549458938707171329e-01,-6.469635008984604418e-01,5.282441594151769948e-01
1.563133842094413528e-01,2.399631246755113967e-01,-8.459125150047166475e-01,-2.537173404887579919e-01,2.006310705258237403e-01,-1.294356215300991764e+00,8.751301506896888016e-01,-8.536810554022006281e-01,7.855773577146726305e-01,-1.011762992152708041e+00,6.722146989478217094e-01,-8.943119504307489587e-01,7.517595211876604289e-01
-3.009496492343460838e-01,2.001184712226580509e-01,-1.412634403599785538e+00,-8.059373809276401124e-01,1.308465548116694854e-01,-1.228302136104774123e+00,8.403950961856671009e-01,-1.223286064856647481e+00,9.560804474431818800e-01,-9.447042760509666293e-01,9.678408184127199609e-01,-1.070287585297708066e+00,9.266567206942650792e-01
-1.066678691745212681e+00,9.553737827763548740e-01,-6.143645838909042034e-01,-1.121216847495358666e-02,7.599788265256380848e-01,-7.821521434734306499e-01,8.189527619323266894e-01,-1.284611555212268552e+00,1.116106999099939490e+00,-1.051875050840261450e+00,9.826928944273607414e-01,-1.078166414550123742e+00,1.207612170609168034e+00
-2.361245559230844560e+00,1.118757634176714921e+00,-1.916575124744113401e+00,1.196121849801317749e+00,-1.271203237954009024e+00,-4.922671327862825352e-01,1.137556418770072630e-01,-1.198592162577809317e+00,7.761206407397684970e-01,-1.009026746568035149e+00,1.018209844919514717e+00,-1.215781999930928503e+00,1.239870549588712345e+00
-5.375838380696064123e-01,-1.303148495200366686e+00,1.948898827459006444e+00,-1.071865882321112684e+00,7.951803467766924705e-01,3.267342182081065527e-01,-6.853459698758275209e-01,6.741348325514646689e-01,-6.255598713733010463e-01,7.440774620026755493e-01,-7.947541183549325927e-01,7.193578621709656451e-01,-5.987184141313148800e-01
6.885273344885710634e-01,-1.713190814416478691e+00,1.610653789588183393e+00,-1.010137735905482392e+00,2.763231676247964175e-01,8.636767806056848684e-01,-9.478735803213969024e-01,1.151428312481886707e+00,-1.241506664478893462e+00,1.224355568450311571e+00,-1.214513793881112580e+00,1.376515288584271079e+00,-9.880631800844785761e-01
1.116040223977542434e+00,2.096583287439785503e-01,7.721508969185070063e-03,1.198791364095511902e+00,-1.676343426300866524e+00,2.523053747676948344e+00,-1.889048517867352617e+00,1.817199336036964930e+00,-1.702735938792425907e+00,1.650132832262321436e+00,-1.712321557769360014e+00,1.572213817805883762e+00,-1.720999072802859464e+00
9.456451439271229553e-01,-9.172762483959195912e-01,2.393188938522763654e-01,-6.725800454334108780e-01,-2.485679050456556793e-01,4.076844892625924310e-01,-9.587636282647946651e-01,6.680321510236162386e-01,-9.279447008743464398e-01,7.291683426686864644e-01,-8.758701865343074822e-01,8.897745305265407634e-01,-9.418121108569983413e-01
7.265253067170590606e-01,-1.254004868397650407e-01,7.209572611118904018e-01,-1.268705296522919246e-01,7.483396398534782890e-01,5.722786685468318063e-02,2.626157472580381569e-01,4.512449704239083342e-02,1.088845302744381738e-01,1.590707618393058242e-01,-2.059184970943063187e-01,9.786285315278547836e-02,-2.334793339301640125e-01
4.662441979040720663e-01,5.673385469788796986e-02,-5.900303301043992033e-01,-4.089718198575772456e-01,-1.283814592172824801e-02,-7.143494515339444684e-01,4.598218982750373884e-01,-8.411817503997449652e-01,6.275175399903903939e-01,-6.317360038959058954e-01,7.239074785367395348e-01,-4.345494734404449222e-01,7.147180973551041649e-01
1.529084203478490722e-01,1.385843532262727384e+00,3.198608508137597561e-01,5.889008692475989903e-01,1.323223233563422419e+00,-5.501942911148937077e-01,1.189423697763338561e+00,-6.323331477730482764e-01,8.977796213534436909e-01,-8.954742106477309171e-01,8.145002467173421135e-01,-1.009012397356803037e+00,6.519119301206581785e-01
-3.026545837341543255e-01,1.125152837144668183e+00,-4.105005072979598935e-01,2.656557985324395355e-01,1.336278968064285255e+00,-7.368076173603617107e-01,9.276911620692308569e-01,-1.046267946099642021e+00,1.037559691679717844e+00,-9.267924539458212152e-01,1.029086341272058114e+00,-9.060004509558162722e-01,1.077625113019173186e+00
-1.063261183096811946e+00,1.539249900098677459e+00,1.349538478306104849e-01,9.883501808277018741e-01,1.342217582325453629e+00,-6.848695572324224878e-01,1.394895741283861623e+00,-6.346888278723277210e-01,1.336546489868892573e+00,-1.006275150506112270e+00,1.079292982801107081e+00,-9.602292638209917186e-01,1.224318373047517783e+00
-2.368652304931092356e+00,1.028246543712549421e+00,-1.758414520192755681e+00,1.427698576144289078e+00,-8.781238705651015497e-01,-1.643180025499272334e-01,3.286748437588394300e-01,-1.016396465024704154e+00,7.288711914038404904e-01,-1.184280111609421260e+00,1.022505285685363141e+00,-1.127831139985541631e+00,1.237781421824172723e+00
-5.143150161092883144e-01,-1.668830635587551736e+00,1.655323573114795499e+00,-1.248638874970324553e+00,6.068066923219589404e-01,3.547316048625260287e-01,-3.677866317336480617e-01,8.805591746998475688e-01,-7.223689608712355881e-01,7.580031508588636058e-01,-7.207485409457433656e-01,5.784184263018733452e-01,-7.528234358142749105e-01
7.059574552170173600e-01,-1.874095669469571623e+00,1.025766625283444977e+00,-1.703375288402931398e+00,-7.410857964854664082e-02,8.991938483526956682e-01,-1.076221245468866883e+00,1.076975901319561668e+00,-1.170768098205730690e+00,1.428956178253734333e+00,-1.135018583548153215e+00,1.334464006463522479e+00,-1.160070263636605148e+00
1.125409731675028002e+00,-3.625085433314691463e-01,-9.243310626712454292e-01,4.708921033039270010e-01,-2.722117302625897128e+00,1.606072594831717160e+00,-2.057663305731119774e+00,1.788324462985868335e+00,-1.815693440492042621e+00,1.608052668761590809e+00,-1.704561141169170790e+00,1.590959350809536543e+00,-1.730917599348338110e+00
9.514664746848570109e-01,-1.057602357355520217e+00,-6.140567726835680085e-02,-9.432607918942550462e-01,-6.937813195762422280e-01,3.090819118721710446e-01,-1.028543850618077293e+00,4.401678667579106419e-01,-1.009564352185032154e+00,7.827574461919697413e-01,-9.832548295897077795e-01,7.417029363975602418e-01,-9.245287141629179306e-01
7.302816455888639924e-01,-7.324152810218688137e-01,2.237197798817703864e-01,-7.476348281462871226e-01,-1.230272308102432627e-01,-6.929311120665555546e-01,2.296494474350969581e-02,5.342237803153453146e-02,-6.688399840521333517e-02,1.683356158032298794e-02,-2.649923388242839128e-01,-7.442821463627970202e-02,-4.119414891096706555e-01
4.710498596856141362e-01,6.503470381869475014e-02,-6.025093854728543752e-01,-3.011351660996832713e-01,3.314177926395137780e-02,-9.393377671494131942e-01,4.162360358459673004e-01,-7.611029147925224558e-01,5.375732095161398494e-01,-7.517839290229544336e-01,6.791007375915483202e-01,-6.122559982237756326e-01,5.735779223697982099e-01
1.554308555307833406e-01,4.206753435969294852e-01,-4.050075383594914924e-01,-1.387775005255282856e-01,2.435766446245766215e-01,-1.066714153453067970e+00,8.402651270833093600e-01,-9.609368999973844083e-01,8.817909894726614350e-01,-8.279599413464300284e-01,7.929463570270057771e-01,-8.174360889595696511e-01,8.233458545885148361e-01
-2.993350458138242520e-01,8.445834454893811349e-01,-4.446447421445733350e-01,1.771403778220446701e-01,4.599518762064404021e-01,-1.263985161180142480e+00,9.577549432264395035e-01,-1.111303446441784359e+00,9.437647822374456430e-01,-9.530143044333494462e-01,1.146017513895565276e+00,-7.671739381651377920e-01,1.155201763620155475e+00
-1.063986085329128084e+00,5.164280552993651963e-01,-8.501981825497864076e-01,4.455397444039930765e-01,1.163496887387391210e+00,-7.987888451339933971e-01,1.362425317821847726e+00,-5.264935359620602773e-01,1.413699830445022121e+00,-8.922537660818846694e-01,1.202218090315997356e+00,-1.090267878402805257e+00,9.753108426360175276e-01
-2.355690912746394083e+00,1.322322832494711831e+00,-1.534114189905976255e+00,1.672595852409464401e+00,-6.900013075754410918e-01,-1.629321972647324313e-01,3.751578147025335097e-01,-8.535173657359297339e-01,8.625734197630973155e-01,-1.104400143128900114e+00,1.023776808823676276e+00,-1.180106574730845459e+00,1.221098771178182663e+00
-5.336243363014424590e-01,-1.777969619738486884e+00,1.567075087995139837e+00,-1.069067165908901496e+00,6.323836786211844974e-01,1.419691047520650617e-01,-5.156527058889311954e-01,8.984535480880974090e-01,-6.119854946039136045e-01,8.688012164282032934e-01,-6.917650731328717217e-01,6.309281711531554704e-01,-5.621303453736810063e-01
6.904749524449759202e-01,-1.289122041928362661e+00,1.916930225955163936e+00,-7.172574317549084144e-01,4.546195434073442843e-01,8.972537214763560698e-01,-1.062518785615987449e+00,1.141495719159380862e+00,-1.099661606145234893e+00,1.300362910034471353e+00,-1.123996337166921489e+00,1.427733808092457757e+00,-1.076999674115042938e+00
1.115552799395599815e+00,-1.234385190856702036e-01,-4.835093163716395193e-01,1.135706919799895243e+00,-1.907883614351180590e+00,2.330970345210756633e+00,-1.781566662128662770e+00,1.954286704639983219e+00,-1.635812821543478401e+00,1.723756477944102139e+00,-1.665651712095928216e+00,1.569924235464691842e+00,-1.835283971388137703e+00
9.421642003561180312e-01,-6.521776285027847120e-01,3.030362671417442533e-01,-1.585497571805163930e-01,3.290034129404445506e-01,6.091023253621448141e-01,-8.039245979800508923e-01,6.253378861104192943e-01,-9.244603193296025978e-01,8.506728864159711634e-01,-8.216858882540888365e-01,9.855130408342158699e-01,-8.056670241319753289e-01
7.219718210811946202e-01,-1.932047078805746720e-01,7.664287953277485466e-01,-6.129076231044061629e-01,1.980215954816566815e-01,-5.796814313985302128e-03,2.058520291575221262e-01,2.028249348398919460e-02,-2.486977784866765268e-02,1.347138079847944592e-01,-9.562097760869277263e-02,1.167831930274004781e-01,-2.290618679555409543e-01
4.643852944639431102e-01,6.651239128942811052e-02,-5.053465795795294424e-01,-3.436514969141136189e-01,-1.397241888095382967e-01,-9.020276614543557558e-01,4.670141327605559223e-01,-9.467469504251833090e-01,6.404260317459524732e-01,-5.180070994593566347e-01,7.596028960681481257e-01,-5.247671675956717685e-01,6.704783708042231227e-01
1.503780721302348522e-01,2.065482338637918414e-01,-4.270608612362516987e-01,-2.381451997974233237e-01,8.975918681082473150e-02,-6.576317538678878583e-01,1.023662133765021798e+00,-9.041800441919877196e-01,9.539738502264387687e-01,-7.154597194892783341e-01,9.487839110495531747e-01,-8.493842113263255778e-01,7.588645131072543348e-01
-3.029199413619875214e-01,6.642530067580800779e-01,-5.973952235060774330e-01,-2.690786864911324794e-01,1.942259791094683996e-01,-1.240797606734454384e+00,7.723853517765386645e-01,-1.218415114942880129e+00,1.004524849960880761e+00,-1.000320213779014589e+00,9.514080908089125321e-01,-9.941919082572939770e-01,1.027940949446239927e+00
-1.064238713592471131e+00,9.189499751620865409e-01,-5.320471794697670953e-01,1.841549133276499384e-01,5.834490158113587732e-01,-7.388519894337103322e-01,1.378738527186682328e+00,-8.586052915101910488e-01,1.181591230008196769e+00,-1.046335690023935339e+00,8.808963854145054340e-01,-1.298119603810503842e+00,8.699124626983788522e-01
-2.370989811304792028e+00,9.299828926017517094e-01,-1.794609442389052845e+00,1.432709268831595217e+00,-1.222509425216977919e+00,-3.861707707069602646e-01,3.867884332343521359e-01,-8.239603338466928717e-01,9.379856552937214653e-01,-1.043301758084318687e+00,1.052308696534748567e+00,-1.242877597001219581e+00,1.148594211966893486e+00
-5.144755235759966849e-01,-1.919645608667931658e+00,1.486017221842994784e+00,-1.128893165517810271e+00,4.534086607753729514e-01,2.485438970962811911e-01,-4.148204678420635005e-01,9.157049988747697489e-01,-6.692950429285445813e-01,8.287728291439842021e-01,-7.055334292608503866e-01,4.889297792253341490e-01,-8.104674343580465790e-01
7.056425514844840707e-01,-1.527076786463658742e+00,1.488078639192635277e+00,-1.359791506223219981e+00,-4.067697545805110115e-01,6.560901600347538443e-01,-1.080510726988823000e+00,1.172601110889739839e+00,-1.160627076738330210e+00,1.263323420635750871e+00,-1.252366312456880015e+00,1.337796226969304003e+00,-1.163483011420463509e+00
1.123710076559094828e+00,-4.605873091872456082e-01,-5.303390218943643264e-01,6.022656263215487860e-01,-2.749234601144393775e+00,1.980631376965021229e+00,-1.828767092918603288e+00,1.850394923175981532e+00,-1.738735422722593738e+00,1.648624408166856625e+00,-1.687793985340832803e+00,1.531411890495808059e+00,-1.851692853718940990e+00
9.486925633255647305e-01,-7.243580405136413880e-01,3.799222756823102398e-01,-4.335805336146028033e-01,-3.088995896723181755e-01,3.071431414988159969e-01,-9.898860347180366004e-01,5.821457145159958380e-01,-9.519681432503446228e-01,7.798491031306218346e-01,-8.578641178543985335e-01,9.278713107815030892e-01,-8.972995502610829899e-01
7.283875248738486130e-01,-3.737280303313569307e-01,7.787459055057763258e-02,-1.129170067467748506e+00,-1.522537180899197484e-01,-6.776655235989379467e-01,-3.906439852159738352e-02,-8.518304701249436450e-02,-7.632272293648531547e-02,8.677838450455099828e-02,-2.090550460658395504e-01,2.359345644162220632e-02,-3.508787484939457912e-01
4.698703774572939307e-01,4.138350137047236421e-01,-3.983581337638625874e-01,-1.640264694158261871e-01,2.109834264149519911e-01,-8.709085031403852595e-01,3.899497115521570190e-01,-9.391109672365305361e-01,5.542250861231475811e-01,-7.013396228329492610e-01,5.984450989455097902e-01,-5.796082198888228287e-01,5.534639888834472776e-01
1.549921441195199201e-01,3.358469386846696936e-01,-6.704303607418138355e-01,-4.955721619140465717e-01,4.887036129634749759e-01,-7.622337413206352608e-01,9.401820169815279238e-01,-8.738622194096142826e-01,9.695006153514689196e-01,-8.066442419030912525e-01,7.785062552048099827e-01,-8.846657103420401125e-01,6.703405440564446094e-01
-3.004800153939403695e-01,8.829551644717957837e-01,-4.165714298975478624e-01,2.224192524395791556e-02,5.378203967051533585e-01,-1.149153692689039552e+00,9.330411265867131210e-01,-1.065219016632660498e+00,9.152621825214011242e-01,-1.028945996247338623e+00,1.069386871643629444e+00,-8.518634082450532441e-01,9.982272250713960515e-01
-1.065007067696484455e+00,8.352442784193583325e-01,-7.917604872183663378e-01,2.259001504777736480e-01,7.054433377783450032e-01,-9.201583009409987080e-01,1.197447915112926919e+00,-9.485341699046712094e-01,1.164191408535307337e+00,-9.672744187062353172e-01,1.184707362247661599e+00,-1.086570969806010645e+00,8.537932618900294646e-01
-2.358750267512427001e+00,1.419728110643755592e+00,-1.408499574672040788e+00,1.926534919899707043e+00,-7.209045587491585971e-01,-8.390951623072039067e-02,5.831490448318076281e-01,-9.388857728254093038e-01,8.733447587418339264e-01,-9.081577190782008646e-01,1.196694102651892244e+00,-1.015019400769194613e+00,1.271899065972714737e+00
-5.374622752789038893e-01,-1.753397738434369524e+00,1.655939640270843505e+00,-1.119731104458742577e+00,5.839884262660492986e-01,3.673470293877491577e-01,-4.317920738452786233e-01,8.504542787160713768e-01,-4.209672903272290712e-01,1.018606004166449308e+00,-6.278731216710163876e-01,7.363620180412401295e-01,-5.993169807730903687e-01
6.894263594938050410e-01,-1.560266252123875930e+00,1.678727020638649758e+00,-7.125759515887186701e-01,3.637968277300680509e-01,6.587184770027660896e-01,-1.078218906619331952e+00,1.189012026275672484e+00,-1.067978658712485318e+00,1.362130235610162332e+00,-1.114997872675865365e+00,1.383543450553045728e+00,-1.088920768883393286e+00
1.115642007188427653e+00,-1.155231792830462012e-01,-5.183605777892867916e-01,6.166374428652490192e-01,-2.506262356140082304e+00,2.114736098051965385e+00,-1.923894945896831521e+00,1.779618384311937529e+00,-1.731900162171680968e+00,1.682539280010714844e+00,-1.655566356374399861e+00,1.627165230892613668e+00,-1.783721007792722357e+00
9.441245027605659201e-01,-8.701081802628211070e-01,3.111395806057520308e-01,-7.356271421761838569e-01,-7.964967611367821387e-01,2.970187806366730299e-01,-9.098777460434114284e-01,5.713800944040636764e-01,-8.793569621391116309e-01,8.308898325244604699e-01,-8.535286725596816781e-01,9.494933374013375671e-01,-9.554671644022073584e-01
7.239485861392417343e-01,-6.670622014638405428e-01,3.299558218936460979e-02,-8.066035679245509016e-01,2.198450679335693936e-01,-5.044329676592174128e-01,-1.088478158982786499e-02,-5.693312434692554547e-02,-1.674217311865046354e-02,2.162428095758698599e-01,-1.194837556159767666e-01,-6.431462935096700362e-02,-4.899145307287682827e-01
4.658566270795046482e-01,1.973348966532808557e-01,-5.256957999437921192e-01,-2.003516622268969316e-01,1.972505532759206981e-01,-8.031273431256971129e-01,4.446269627807508118e-01,-9.398559399939154790e-01,4.155919814061025397e-01,-7.956802427367832831e-01,5.450332400096846719e-01,-6.789035091100372732e-01,4.842293629675532007e-01
1.510995161191166225e-01,1.339170253417878431e-01,-5.599684403173688096e-01,-5.070230038296225095e-01,2.275393726029191141e-02,-9.779014637920527830e-01,6.934553591917569371e-01,-9.805043570929101726e-01,7.807150146201093932e-01,-1.061316954468698892e+00,7.094179424543560764e-01,-9.163342264886659150e-01,6.819168304081694165e-01
-3.015490171088262006e-01,6.864854974164515955e-01,-6.692488552572836147e-01,-4.491621157175081924e-01,6.265920151314142705e-01,-1.233091509249616191e+00,6.483106630092141387e-01,-1.207838302212275838e+00,8.228763742818087090e-01,-1.055962794083333156e+00,9.207834802021510612e-01,-1.019673464675762808e+00,8.587450370701311675e-01
-1.063065529241068896e+00,7.203594781482242082e-01,-8.506944631543058577e-01,-3.758712523618227830e-01,2.897308254966073360e-01,-5.132186467391131046e-01,1.317445230192247907e+00,-9.174962489866873572e-01,1.258045240212246618e+00,-1.007358722828566755e+00,8.309110933894396922e-01,-1.303313668303402784e+00,8.223892850152877410e-01
-5.192912843132770906e-01,-1.175758285263736269e+00,6.630536165206627475e-01,-1.283951369159594735e+00,-5.316966046903081056e-01,-1.004148101753790934e-01,-6.600961984845582498e-01,2.187672419400731039e-01,-6.074811641515183158e-01,4.288596880245676424e-01,-4.810573575405870939e-01,2.573370749812531888e-01,-2.394072400030972103e-01
-2.419858090986884702e-01,3.294062712996161935e-01,-1.356461518185304582e+00,-7.891368644108274211e-01,-2.267243387915810260e+00,-1.053831301661047604e-01,-1.272860260360992424e+00,3.415372698205539348e-01,-1.122529099168566802e+00,4.892736082505285133e-01,-8.841073829161998354e-01,4.983264360049841635e-01,-7.908313044208298281e-01
