5.808093568520585892e-01,-3.301641288844549549e-01,-1.362234664550167951e+00,-3.448867235965005773e-01,-3.511777141715028815e-03,1.247120506709464838e+00,-4.418504883080531243e-01,1.052104146376419580e+00,-7.869046151240914888e-01,1.123213228972018474e+00,-9.245577283137729196e-01,1.034566726045693885e+00,-1.184296172393730417e+00
1.138092652652075376e+00,-5.635071384638645764e-01,-1.822168870010366426e+00,-8.930439928517225345e-02,2.499128423658419362e-01,1.986959807953967871e+00,-1.342663170688649155e+00,1.477637992737948158e+00,-1.054376369790947621e+00,1.714727019363567750e+00,-1.756497127697584038e+00,1.560537283928451258e+00,-1.571866123965220075e+00
9.737429847030686370e-01,-7.246079067010762209e-01,-6.877467453336095771e-01,-2.976117066017139878e-01,2.575141134965515999e+00,1.460850134136798983e+00,-4.152929446831532534e-01,9.553060555246511987e-01,1.154737631757178466e-02,1.163807687376021915e+00,-1.145641522176503058e+00,1.092540749209780060e+00,-1.074119671719123259e+00
7.572590460617819597e-01,-1.004293088932409539e+00,-6.500077953602911851e-01,-1.821037666015757006e+00,2.206239356014920272e+00,2.394307932566247521e-01,1.202775129881036575e-01,5.564700179998475216e-01,7.401496881685868390e-01,4.926259983120345742e-01,-4.739495248112929882e-01,4.478905888495926524e-01,1.341520989559753796e-02
4.952911200949264292e-01,-3.308569463063826821e-01,-6.246352237876819924e-01,-4.106860874109058979e-01,1.761596248784605079e+00,4.034170315593062495e-01,8.041801782944224541e-01,-3.765633612939496555e-02,1.226701026437999165e+00,-1.564735679825995374e-01,5.967076693274915300e-01,-5.697650185636826681e-01,6.217985235499635666e-01
1.645199685304639114e-01,-6.778872603816730180e-01,-1.695792848168806044e+00,-2.225924150932830359e-01,1.096749846973769982e+00,-9.360963506786133814e-02,6.696432277970331137e-01,-2.258870531780807211e-01,1.334483593563599912e+00,-5.701943189382663313e-01,9.019983315419610737e-01,-7.021456005759495467e-01,1.009622476718567752e+00
-3.056764245879621811e-01,-2.380852722901426188e-01,-1.625987271964020708e+00,3.483795545809650895e-01,9.928798993822872676e-01,-2.522294920673029961e-01,6.751747260782351434e-01,-1.542257081690066034e-01,1.254768181609497768e+00,-9.869618321393617277e-01,9.226432783359957979e-01,-8.199322398775608089e-01,9.692422575875224711e-01
-1.044235003293001895e+00,-2.719967249874238879e-01,-2.062872761334775262e+00,7.671725587036359525e-03,6.744583187081270026e-01,-3.033074265952976356e-01,5.764982486217917756e-01,-2.559694388926921915e-01,1.294482988908547627e+00,-1.018986763181118915e+00,8.062851265416225433e-01,-1.107686286234749407e+00,1.267883580604415972e+00
-2.273273485628998003e+00,1.720848276774252297e-02,-1.695594697223909098e+00,1.012972856150597512e+00,1.058836463490118396e+00,-3.386226873844388335e-02,1.031768714520906238e+00,-2.658447720084484156e-01,1.269839386895968980e+00,-1.064837403817398664e+00,1.009321306617692926e+00,-8.578580519024425755e-01,1.071088111045884528e+00
-7.324107124752132769e-01,-9.442140112007586517e-01,-5.440121259335761739e-01,-1.036454926566015677e+00,-6.984629068513003025e-01,3.663012560104768056e-01,-3.210828304314668480e-01,6.918223718678928602e-01,-5.318296437654083109e-01,5.914488722678851174e-01,-7.272026960846330601e-01,3.443951757177203810e-01,-5.237712685622135655e-01
5.641202451677236329e-01,-8.772187643568667426e-01,-2.354892371918045624e-01,-7.319242362235099941e-01,-8.249142204952408797e-01,6.376914882025750408e-01,-3.726650829237422302e-01,1.105085831929735640e+00,-8.157128384903196139e-01,1.056875637138060098e+00,-1.180034599093596093e+00,9.574519025196737143e-01,-1.016176064202635621e+00
1.123972191649690089e+00,-7.978726338691402020e-01,-5.851388230697817106e-01,4.621914412108060199e-01,-1.383285120758014353e+00,1.458658857793571295e+00,-8.713558360279121118e-01,1.738218608051327330e+00,-1.239194411694547915e+00,1.615855230929281516e+00,-1.637829957353833965e+00,1.622014356702240034e+00,-1.517292118710303006e+00
9.666386705960307024e-01,-1.101002961846526240e+00,3.323676569099719980e-01,-5.990415535554216575e-01,4.897752454426456126e-01,1.045930226988026623e+00,3.256791208605160359e-01,1.168492971237069966e+00,-5.323659491472946259e-01,1.179093568861455221e+00,-7.754119139077778611e-01,1.036085509183711562e+00,-8.892019206605679127e-01
7.530953624184405504e-01,-1.085407257367504652e+00,5.617740220627788217e-01,-1.249036334074995036e+00,1.140501551113686673e+00,2.826712796969365615e-01,8.531387273260603310e-01,7.220272049097316014e-01,1.967572975176810068e-01,4.500748227291021530e-01,-1.009642554549140397e-01,3.798147686884039143e-01,-2.151448131454813117e-01
4.977308678302898026e-01,-6.213169090340028289e-01,7.364467521259726590e-02,6.433923807167986342e-02,7.400069651936066473e-01,1.145360819711178091e-01,1.169622416717014168e+00,1.720285597300428085e-02,9.699957369220167935e-01,-2.693868908481083513e-01,6.260435248159342825e-01,-5.475175664451389368e-01,7.084401002380131818e-01
1.747919575564863548e-01,-4.588688171143500694e-01,-4.657648187067444101e-01,7.513556833641315061e-03,1.383334868505065318e-01,-2.839103405344143780e-02,1.134952522769040462e+00,-2.158260679862143427e-01,1.029504026892089419e+00,-6.417698327192740138e-01,9.571306434647667283e-01,-7.675767007468344838e-01,8.759435316836958751e-01
-2.862231353856535820e-01,-2.389640563962847353e-01,-9.114297032486431416e-01,2.925182423667515574e-01,3.799279371424151008e-02,3.465196144566064923e-02,1.304405545020822288e+00,-2.678645122642954735e-01,9.860043070171992108e-01,-7.191504098614842633e-01,1.074105119114119322e+00,-9.721852849308985078e-01,1.159236108704651214e+00
-1.024894144091815118e+00,-1.555578734322464740e-01,-9.088987234154651818e-01,3.462948965461024597e-01,-1.711898517190989788e-01,-7.510201187427714177e-03,1.060221268010682616e+00,-4.458680522199915397e-01,1.151526328726799608e+00,-9.505993042109411872e-01,1.035012761571989515e+00,-9.408188812578829330e-01,1.193991815138030432e+00
-2.260329801190243515e+00,1.535430437666205350e-01,-8.476348871040005895e-01,9.362384468143211125e-01,1.090184327248931717e-01,3.088976361906997301e-02,1.188566523612284431e+00,-2.932622434499077002e-01,1.325860026909260858e+00,-9.122452812966149738e-01,8.555725739222148629e-01,-1.183701081670946564e+00,1.493136323778291974e+00
-7.052550872987036756e-01,-9.354212162936632602e-01,-3.722849560771185340e-01,-1.179324358568885289e+00,-7.263225427938951873e-01,5.421346328660041625e-01,-1.795198642521315668e-01,6.761535053819928143e-01,-6.546613959475031663e-01,5.556842707628271150e-01,-7.920802567795111049e-01,3.927235009531047649e-01,-4.100712900709213571e-01
5.806820678205870667e-01,-8.346303494955140678e-01,-1.574997176090015549e-01,-7.860358715548898534e-01,-7.915159620408066532e-01,8.306528101793859697e-01,-1.819460488229847073e-01,1.246642045214267469e+00,-7.890651367930165971e-01,1.056359457219918641e+00,-1.286520048070766586e+00,9.334498369355396230e-01,-9.842061175249189331e-01
1.136204118634986271e+00,-7.407187159618355832e-01,-6.520210552559635442e-01,1.272744579416170696e-01,-1.533829094155960693e+00,1.396441519226996109e+00,-7.376604393727751452e-01,1.690144241650604950e+00,-1.391386520908722169e+00,1.669451772343749640e+00,-1.662172107834313461e+00,1.435944842129695198e+00,-1.632325825569938882e+00
9.737120495126012631e-01,-9.721807343614807806e-01,6.083240936694844780e-01,-8.186738275549618749e-01,1.440938145102114154e-01,8.154047390164992359e-01,2.664899685256664208e-01,1.162504735683493662e+00,-4.309620934675384984e-01,1.258896557617944056e+00,-8.602780652940008599e-01,9.588756762552452795e-01,-7.027102751019327354e-01
7.588457218617236100e-01,-1.331708044073610653e+00,2.565124158018632916e-01,-1.733968852344671463e+00,1.030996982996263078e+00,5.317922352891885085e-01,7.409503382148190376e-01,3.977272631241762224e-01,2.140063305906497182e-01,8.543122247101639921e-01,1.926092933875424018e-01,5.264952797462723044e-01,-4.108572339883358876e-02
5.035298939052366141e-01,-4.881396467135474815e-01,1.025282483516467696e-01,-7.348161017243301507e-02,6.620336023845083684e-01,-1.503947826163502810e-01,8.755885100662816889e-01,1.771173974036542587e-02,9.873464414051957849e-01,-4.668431342690026464e-01,5.781415507878369109e-01,-5.336702455607843509e-01,5.852960166010078291e-01
1.837120805311260041e-01,-4.594300935067414660e-01,-4.449131521466059280e-01,-2.252388800745262210e-01,-1.467890341713314617e-01,-1.871722439221597256e-01,1.007993720271373128e+00,-2.409122034154040082e-01,9.664750901592904508e-01,-8.218375810390791125e-01,8.733944654879645109e-01,-8.558568818119268728e-01,7.742898400169770934e-01
-2.747255095551480175e-01,-2.241798671303434631e-01,-7.737502570623910891e-01,7.866273171390053554e-02,-2.213768312539089733e-02,-8.236583826198785874e-02,1.006113719281534813e+00,-2.473754380815542109e-01,1.070960687669057609e+00,-8.839123672721311831e-01,9.107200130118879855e-01,-1.054385031850439747e+00,9.950598356504078978e-01
-1.013215967693430919e+00,-8.861550073820861906e-02,-8.718416562297138794e-01,1.651181678069648384e-01,-1.728257414773147205e-01,-2.103616486126220000e-02,1.077088495084451258e+00,-3.226301323875892524e-01,1.047999840592378495e+00,-9.574607616807609967e-01,1.007734187585933139e+00,-1.217026825611722929e+00,1.028871043443591704e+00
-2.242265762263865092e+00,1.405620822446408402e-01,-8.294835734107939285e-01,6.106137151490894643e-01,6.831838373116329299e-02,-6.331436186755726170e-02,1.141934522141101915e+00,-2.274718450452536955e-01,1.203957453009923739e+00,-8.883189714546492199e-01,1.233338274636142762e+00,-1.224741193930265037e+00,1.220972216125476351e+00
-7.313104906683111084e-01,-8.844838345827189530e-01,-9.431917266778180875e-02,-6.040720758918283195e-01,-7.519223431448887052e-01,5.751023169528279855e-01,-4.133496012268595560e-02,7.943860874902300973e-01,-5.126856609998599046e-01,6.665916901087380886e-01,-5.680797511754539508e-01,4.812027017594708300e-01,-4.111449543869951651e-01
5.609128057231212994e-01,-8.824141361897104296e-01,-1.069475277281723702e-01,-5.193023143557229382e-01,-6.298280618337293024e-01,9.886325235503105047e-01,-4.060030747844158711e-02,1.141867721124755874e+00,-9.129388796844770670e-01,1.121185297891786448e+00,-1.022381274530584472e+00,1.049802843339419978e+00,-9.511408319027502278e-01
1.122286305967927555e+00,-6.106962399723515622e-01,-2.742962883698472076e-01,5.293405499712248163e-01,-1.269564256914500922e+00,1.888794197747412529e+00,-6.426144989341315839e-01,1.656467084724697836e+00,-1.266169799824232722e+00,1.741756590012918382e+00,-1.580695512702841032e+00,1.667493824224452137e+00,-1.419276912721249007e+00
9.661955527389465281e-01,-9.661776064485132487e-01,5.057659153801180585e-01,-4.895915539931630089e-01,4.880306594644513440e-01,1.035875989797675478e+00,2.150730146897924799e-01,1.090635354452145211e+00,-4.552288703595294139e-01,9.656091536040859458e-01,-1.202561423196784940e+00,9.788590864099832034e-01,-8.689616003875455519e-01
7.530731995869939244e-01,-9.848737429736725835e-01,8.825898067507407241e-01,-3.052585194851055173e-01,1.080566617407531904e+00,2.135562549937810861e-01,8.761826645975802075e-01,5.636601683672867180e-01,1.828244487334100832e-01,4.124349864163551205e-01,-3.507548226654044199e-01,2.652690464615989341e-01,-1.631650159244007192e-01
5.009791840187262091e-01,-7.418517856314496006e-01,-3.549253507688989728e-01,-6.305191950547307522e-01,4.420828818432221974e-01,-2.912787897395597292e-01,1.284929507878270316e+00,2.916973343410250719e-01,1.096810113711708778e+00,-1.019656626883423817e-01,8.790688956731870229e-01,-5.342466840582139609e-01,4.743686966608988698e-01
1.895450728123354023e-01,-4.063127075417815037e-01,-6.450590409523896396e-01,-3.573860053234632073e-01,1.532418662386773878e-01,-9.168710757110568044e-02,1.226913247980836896e+00,-9.003731414941991418e-02,1.142491323221946464e+00,-6.672253960153007313e-01,7.703040824774718409e-01,-9.467749258013703484e-01,8.351212579476533504e-01
-2.612160159594799080e-01,-2.529009039145035942e-01,-8.297514040332854002e-01,-3.642659267449239180e-01,-4.154597435054272481e-01,-1.964105225724738779e-01,1.068000749809777439e+00,-3.829099782871793756e-01,8.830881638065923855e-01,-9.459558355714550171e-01,9.974780303334501719e-01,-9.823695022607423777e-01,1.263932350303869967e+00
-9.977376872315663059e-01,-2.356336218138999072e-01,-8.944370417610697510e-01,3.291115719037056020e-01,-2.332798005556446785e-01,-2.232007033489880332e-01,9.204045306135567595e-01,-5.494571671259792511e-01,8.620142140673109354e-01,-8.356618440743495135e-01,1.096773809161576629e+00,-1.135742564331377213e+00,9.778008767121704192e-01
-2.234886154163831407e+00,-5.159434005650079952e-02,-7.517315429965835127e-01,7.594252969508200612e-01,1.253609122439457990e-01,1.624472571254760855e-01,1.426947233693282469e+00,-8.867725001043727517e-02,1.090344334458820175e+00,-8.609784391475595600e-01,1.046592610572075088e+00,-1.272309972754483320e+00,9.379235225940973919e-01
-7.018281763626472713e-01,-9.892144875087640621e-01,-2.572050534906489827e-01,-1.042162789159495784e+00,-8.949238615265425745e-01,5.674369371700891396e-01,-1.040946556991264038e-01,8.008411273257509677e-01,-4.965325902850471484e-01,6.093000206559988641e-01,-7.012804450437291059e-01,2.933273529586164496e-01,-5.446921766602562665e-01
5.829733884593024662e-01,-7.797031606056227249e-01,1.678334232082343558e-01,-4.374178224856907216e-01,-6.066348180162230985e-01,1.109423253301131673e+00,-3.845329735036655001e-03,1.270777527057556755e+00,-8.457795715597006270e-01,1.075073538965219955e+00,-1.146609610772245658e+00,8.906448608084219787e-01,-1.071620256434492990e+00
1.137693984152473359e+00,-8.034650784298337234e-01,-4.450607142095451274e-01,1.563796002207762659e-01,-1.560984117466122534e+00,1.575425056747750796e+00,-8.018298364789522292e-01,1.605171847729667256e+00,-1.370740007202417177e+00,1.709889302079013129e+00,-1.565695748541098276e+00,1.512160290272244634e+00,-1.613212613435475840e+00
9.724301666606516292e-01,-9.480314069342299366e-01,7.216135544857799067e-01,-4.001369934202742562e-01,2.562716771197762755e-01,6.291420441866601987e-01,2.030255431298803592e-01,1.073810866611442316e+00,-7.387239890349097671e-01,1.096707513573356829e+00,-9.294071099658989255e-01,7.715062932052468847e-01,-9.879343513555365330e-01
7.573441857070875027e-01,-1.254321817326265798e+00,6.832714689811439923e-01,-1.372628286125729291e+00,6.517965438117612198e-01,3.286726921750116048e-01,1.068325275900072979e+00,6.068486214089681141e-01,1.133758124410415465e-02,3.630907881246920321e-01,-1.728310916610867609e-01,4.807652403074840763e-01,-1.883328701196959956e-03
5.041968564934818930e-01,-5.927544882275311844e-01,1.776868551667570295e-01,-3.790508628299198990e-01,3.184113276803259840e-01,-1.965275114574355497e-01,1.243343220894363776e+00,1.471266143240433366e-01,8.033052169132818277e-01,-4.195730477865824426e-01,6.435666587869744992e-01,-5.256598702194625883e-01,7.602253323949161867e-01
1.943819009465562186e-01,-4.301034835714468985e-01,-3.750757379116390622e-01,-8.422111771857014595e-02,2.166471029297674655e-01,-2.296342200046139898e-02,1.085384862257163352e+00,-1.700034656768841523e-01,1.007785416754348740e+00,-7.063559831334934591e-01,6.542695894174843652e-01,-1.061262178743594076e+00,7.954299455215017023e-01
-2.513669926677281619e-01,-1.634173276841728029e-01,-6.393139727301506703e-01,-2.869087113464579078e-03,-2.495001900661913130e-01,-6.891459989259517138e-02,1.114969921747669401e+00,-3.997953324450581603e-01,1.052354906983780092e+00,-6.674747525271825799e-01,9.687412258577627888e-01,-9.091278008027652291e-01,1.006596503694667133e+00
-9.849602270114170555e-01,-1.945241512787570792e-01,-8.468027084641104318e-01,8.030367545070830892e-02,-3.281491072062748260e-01,-1.893828611912014570e-01,9.876673931531974038e-01,-3.580849482390218719e-01,1.148615115570165379e+00,-7.841572536523578885e-01,1.015897819660042112e+00,-1.173681274002853936e+00,1.182756809552594657e+00
-2.211321167298787582e+00,5.221644970001140806e-02,-6.712108033439424526e-01,9.620596092909566854e-01,-4.808349730284675744e-02,2.028768796927972462e-01,1.360526694715874951e+00,-1.491527731191131245e-01,1.410676332238368857e+00,-7.677149769103540633e-01,1.155031334947581367e+00,-1.112244465198781729e+00,1.262178432929525140e+00
-7.204317851769238557e-01,-9.844547923942869039e-01,-3.508069889121984142e-01,-1.159462723301730280e+00,-9.789949283900435395e-01,5.515319251175266890e-01,-4.089457501217860086e-02,7.287050329704801710e-01,-5.469380589462947695e-01,6.675364604778994959e-01,-6.589208815297870059e-01,4.337723161165042973e-01,-3.366592410862448981e-01
5.662829719958616392e-01,-7.843180560246384436e-01,6.262656768268455576e-02,-3.204117297618523375e-01,-4.402574759798691950e-01,1.037031434592012635e+00,-1.979645637231030320e-01,1.066703300875798233e+00,-9.528681611189219192e-01,1.180889674823006663e+00,-9.277352779018037676e-01,9.560531452496455751e-01,-9.446247721195453195e-01
1.125489951896181395e+00,-8.178123313040401854e-01,-5.568445994426003409e-01,2.049296510881890576e-01,-1.426679131597107686e+00,1.623990091988215090e+00,-8.258576837887308120e-01,1.553674446541044807e+00,-1.453504369778613636e+00,1.571311552298308323e+00,-1.622726402066762441e+00,1.563479716730649116e+00,-1.614208858850964878e+00
9.668909243737232595e-01,-1.057477363483916522e+00,6.131706032716494059e-01,-3.464597063049990600e-01,3.428276581711873217e-01,9.147387149008204821e-01,2.083393061024688686e-01,1.103147068788722152e+00,-5.380052848585930025e-01,9.258751986834006242e-01,-1.034889052722848701e+00,9.886060851450564346e-01,-9.290559168837938531e-01
7.521408324710193716e-01,-1.366533073626189365e+00,4.974277669023836612e-01,-1.114336188525195892e+00,7.557812767179650226e-01,1.541169810081594385e-02,8.358832876482575891e-01,6.005607901782787916e-01,1.798622495979829705e-01,3.449130671551762228e-01,-3.321383336021487276e-01,3.910813247645062996e-01,-3.031499555730427509e-01
5.004923182188075748e-01,-5.532650615001328820e-01,1.665002600770578989e-01,-3.326576719595943366e-01,4.383149291500205713e-01,-9.432786941861961982e-02,1.017818607460832414e+00,-1.211849984572702377e-01,8.069539116860929839e-01,-3.631623370325857136e-01,5.677039237508484382e-01,-5.415857544122948397e-01,6.796280102661387268e-01
1.932635972586520812e-01,-6.129964019261504582e-01,-7.144459272244439996e-01,-3.774557736817827358e-01,-3.051932190564644598e-01,-3.820690143036612474e-01,9.221556540753766962e-01,-3.591839659691803965e-01,9.573270034331193834e-01,-6.613885164832057351e-01,8.805726987254960392e-01,-8.123868795773000473e-01,8.457142260054303362e-01
-2.485335912690420090e-01,-2.981555267989835500e-01,-7.668108992622401088e-01,6.881385901692603502e-02,-2.692874711809012389e-01,-2.691479974186602453e-01,9.470990807003583090e-01,-4.666842164217975819e-01,9.340133032938057189e-01,-8.363883464430573733e-01,8.677888250435334960e-01,-1.190373068271435519e+00,9.534542086322409515e-01
-9.791395121384411926e-01,-2.294358200604739995e-01,-1.127722278409857726e+00,-3.487889941166885110e-01,-6.627435901637950266e-01,-5.247139365240036657e-01,7.718894639286069115e-01,-6.166881460077922039e-01,1.003363020559802310e+00,-8.875595399792155504e-01,9.400158101973258296e-01,-1.301024132139659395e+00,1.084613342161898863e+00
-2.214299681384984009e+00,3.988014703541679917e-02,-8.563251717358527637e-01,8.127675780421433904e-01,-2.157054977159827414e-01,-1.720510997748248283e-01,1.116635903607266833e+00,-3.539646050074046202e-01,1.224798107764748956e+00,-8.207672843907771743e-01,1.221610044212566137e+00,-1.243183107032535206e+00,1.256611593164870255e+00
-6.944699365414609415e-01,-9.319391258732424577e-01,-2.815352056246043788e-01,-1.001671660091546956e+00,-6.795114535858122196e-01,6.452023779208585497e-01,-7.964589741165270520e-02,7.472516833375995038e-01,-6.146169949623342399e-01,6.263212207849229163e-01,-6.187106745957284826e-01,4.075446021181419742e-01,-3.944031031641479501e-01
5.840516457856282928e-01,-7.446460387040156892e-01,1.178462710069370784e-01,-3.002866206293739459e-01,-4.739194697792359912e-01,1.086037804086814162e+00,3.890716697595144463e-02,1.242033512234598458e+00,-8.361842505640482148e-01,1.197772979587424569e+00,-9.719730419804973875e-01,1.119649390829416058e+00,-9.425187042049877340e-01
1.136479672762157112e+00,-7.775732900805782943e-01,-4.103962213212841159e-01,5.077831997569802747e-01,-1.284077115230529698e+00,1.822888739794971125e+00,-5.717966124321143262e-01,1.754377274033569023e+00,-1.220261801890479614e+00,1.808851619689579193e+00,-1.362466000611644912e+00,1.710643787511894054e+00,-1.611408853435074118e+00
9.710990293565945342e-01,-6.503527192473967933e-01,1.962831205717171790e-01,-7.627414857320314878e-01,1.425686124425977752e+00,1.362710390085589252e+00,8.265290980815323540e-02,1.166420717223783710e+00,-3.452494536311850881e-01,1.060285392351029587e+00,-9.428403641005471680e-01,1.097020054886361784e+00,-8.391472127894540334e-01
7.554498008852108537e-01,-1.038603091035234849e+00,-8.863117981029923209e-01,-1.445227885058770978e+00,2.911451608031105476e+00,3.508126536691250075e-01,-2.802393790937847406e-02,6.184827119332390044e-01,8.191230880677272674e-01,4.242848579941726483e-01,-3.460272759358045680e-01,7.807413553883967294e-01,2.930240831262341250e-01
5.043438146234582309e-01,-3.950070926376113567e-01,-1.306301130418808354e+00,2.611575326036829070e-01,2.995138886603510908e+00,-1.434538098255220273e-01,1.399594808042627370e-01,2.753451367947146178e-01,1.500178943982025226e+00,-6.415557728226056744e-01,7.577839862418286887e-02,-4.106452975483960155e-01,9.780693759597867132e-01
1.985714471173588846e-01,-4.685767085051699143e-01,-1.818811613878727584e+00,-4.644693836424736849e-02,1.700619998372592923e+00,-3.613672149861064109e-01,4.164707488324868589e-01,1.412111890157299356e-02,1.552799953480650252e+00,-9.372187395993014647e-01,3.924007883605445945e-01,-6.942464482776380397e-01,1.199083623893153705e+00
-2.410361992765888695e-01,2.927373855253325718e-01,-1.009238140940650119e+00,-2.383367351597086015e-01,5.146197833415059320e-01,2.475131721639851901e-02,6.791881605326169913e-01,-3.722494803334178703e-01,1.244587909294274208e+00,-1.061537595115580990e+00,5.908762543255936528e-01,-1.135591121725576969e+00,1.192769586339439858e+00
-9.664095740918907662e-01,7.586754295268733905e-01,-5.615972720373697824e-02,1.324422166912529786e+00,3.232379055958247704e-01,-2.183160642122692618e-01,3.131318855280099678e-01,-9.368833562612232102e-01,7.220897887034516405e-01,-1.529449716447468521e+00,4.750178724131878250e-01,-1.283791674017395801e+00,1.243408360218643871e+00
-2.193034287415227546e+00,1.365205629299975243e+00,6.081276732305700150e-02,2.170571506009923546e+00,1.056658013175816979e+00,-2.953520683594207386e-01,1.046403199144224777e-01,-1.164628384170829367e+00,3.182831099658637863e-01,-1.894636978890394063e+00,6.737310538969005780e-01,-1.087644816404410797e+00,1.485499949820641374e+00
-7.183354294415408292e-01,1.036279230559109255e-01,7.801007276890555842e-01,4.791704560246576872e-01,-6.430375462174689472e-02,2.315651624041498713e-01,-8.237722327052428017e-01,6.127305655411813268e-02,-1.247570084343331498e+00,-5.418008367014572751e-02,-1.134773994204871128e+00,1.637411404696792472e-01,-6.457119707227884087e-01
5.652255695677090852e-01,2.417381006044268810e-01,1.113340880416831213e+00,9.052679207081608670e-01,-1.795108456137760045e-01,1.020359583050464702e-01,-1.324999156002352185e+00,1.846163388111910497e-01,-1.623178052391992532e+00,4.719232881851383454e-01,-1.399132492926102422e+00,9.364117334631643086e-01,-1.117108742443077674e+00
1.123601276090728351e+00,6.692298823144635644e-01,9.191258038663899788e-01,1.350132941848142698e+00,-1.764388758773473453e+00,4.959542515887533365e-01,-1.726480812791806096e+00,9.227374504228198493e-01,-1.798127074942904802e+00,1.552144201789538824e+00,-1.536978637164624129e+00,1.619730077632251186e+00,-1.790810236202247996e+00
9.661884413813350836e-01,3.953712106053303699e-01,1.564817174025578961e+00,-4.428382763745314921e-01,-1.875695329435223546e-01,-3.645538411678023172e-01,-9.401503426795407847e-01,3.034393572404246453e-01,-9.071156106511392148e-01,1.099482858462380808e+00,-7.226461061576719969e-01,1.159434637258918599e+00,-1.161162602509518749e+00
7.523919631639101047e-01,5.081070015649916671e-01,2.074614524260105508e+00,1.004850224057344255e-01,1.095331893266201728e+00,-7.504685291203389008e-01,-2.914957061079779255e-01,-2.674994744377812705e-01,-3.009188861353537803e-01,4.344229459083326916e-01,6.702109199980892454e-03,4.550915582159095196e-01,-5.990189630335430726e-01
5.002258822981858755e-01,6.793542915651683556e-01,1.380364451207315879e+00,4.615982234446613375e-01,6.391590956352101172e-01,-3.758546892255942851e-01,3.257674123785346265e-01,-9.167434591902379193e-01,7.029053559375887661e-02,-7.246407723295585912e-01,7.859447313119422018e-01,-4.623462500293621380e-01,2.146972940488486581e-01
1.940344526911400302e-01,7.262353815625782749e-01,7.180260823957433924e-01,1.014110357508349436e+00,7.885432235281019109e-01,-7.117850736365932685e-02,4.707621313290419884e-01,-9.862287274146692706e-01,3.168337047086269842e-01,-1.041994602772980505e+00,8.765567692851976567e-01,-8.831660253261425231e-01,6.091215013454538418e-01
-2.412758155585873476e-01,7.214003610341548356e-01,1.838123791287486486e-01,9.508633759469754532e-01,2.592104958409600646e-01,-2.913235911312501702e-01,6.439295405457508004e-01,-9.113981720913234552e-01,4.918387249211419454e-01,-1.068795466173004804e+00,9.173186762381585480e-01,-1.254206073536515254e+00,4.755478922432760380e-01
-9.627049546572631344e-01,9.826599034448059156e-01,4.271451490058431610e-01,1.757629839427841345e+00,6.852127413219540573e-03,-5.210969271622221122e-01,6.205841240541155601e-01,-1.025044661498419440e+00,4.242854887293656674e-01,-1.160009960920902028e+00,1.071971922785492914e+00,-1.129797233304301374e+00,7.537721903072577279e-01
-2.199284342037536089e+00,1.145053569549894457e+00,3.480127280751935670e-01,1.549120933476396456e+00,3.786859125606928389e-02,-5.095436502358068331e-01,3.324223322024937310e-01,-1.328145374293285164e+00,3.571190631145513272e-01,-1.029504272528549036e+00,1.420542340760341027e+00,-1.153811468440574473e+00,8.704683990043301511e-01
-6.962433755022728876e-01,-2.652646992863060826e-01,5.418690462964573795e-01,-1.360958955370721313e-01,-8.699448728780581064e-01,9.151215580517943482e-03,-6.298729286373313530e-01,2.756179057950767231e-01,-9.589051339325045387e-01,6.179474792285419849e-01,-3.163741071889648593e-01,6.783104827412976823e-01,-4.444908892653383625e-01
5.818944621668497019e-01,5.546246917114874136e-02,1.129974463242893634e+00,1.025179483818327242e+00,-5.057888914613550835e-01,-1.451018731579699047e-03,-9.931470035259483131e-01,5.269568961375451499e-01,-1.371632847703964764e+00,8.544793682271704105e-01,-1.210831576314832292e+00,9.035987516104053707e-01,-1.159763633050839626e+00
1.139108380025746214e+00,8.554238144447376957e-01,1.081611762378963837e+00,2.339534886604727415e+00,-7.027440599352832162e-01,9.899997468873491524e-01,-1.827658563596716634e+00,8.357806483158911615e-01,-2.063267825060552063e+00,8.709789270504277869e-01,-2.045675804678540821e+00,1.395342215196105462e+00,-2.063751437118131360e+00
9.752633436096649344e-01,1.275955895113422445e+00,2.726047787573403269e+00,2.225870297429837663e+00,1.179592249942609250e+00,-9.813874226802160594e-01,-1.854445018159282643e+00,-4.561747131094569252e-02,-1.449888131980425321e+00,6.307436085940647252e-02,-1.334441949543774708e+00,1.161030025595565007e+00,-1.251352059227134772e+00
7.592877580676415938e-01,1.544999465099148539e+00,2.873501968133072904e+00,1.491885784573025342e+00,1.205563477817013007e+00,-2.688156638894401151e+00,-1.974103779235517386e+00,-8.181067184188317576e-01,-7.060377610737555987e-01,-8.805659503554285061e-01,-9.267354608482152312e-01,5.557527568715947552e-01,-7.493001351019268341e-01
5.078508744706011768e-01,1.827241998658216238e+00,2.445345382389895850e+00,2.520560386115650697e+00,4.109310884778940021e-01,-3.103335493034985682e+00,-1.742579975104183942e+00,-1.515178305900019451e+00,-1.077492196515991291e-01,-1.416679172436715151e+00,5.705217090950813474e-02,-5.669292790782501923e-01,2.913898578579023901e-01
2.019568067338006478e-01,1.872602065300490448e+00,1.337619130655573363e+00,9.482090486577665622e-01,-6.537864143512717163e-01,-2.468633061580553623e+00,-1.164432553142562110e+00,-1.743071089488144265e+00,1.749512359058148780e-02,-1.697969348350911067e+00,-1.063446371736450624e-01,-1.353131980597542583e+00,2.372703991921256972e-01
-2.324117524619483122e-01,1.899605400449687398e+00,1.638472243889928626e+00,2.466834087795039210e+00,-3.298089817503149779e-01,-2.361708753400205030e+00,-1.218716211938420724e+00,-1.996995455301852740e+00,-8.372964287787480753e-02,-1.625123033720025978e+00,5.070979100891849223e-01,-1.197528121224310960e+00,5.471867146790032610e-01
-9.535190891904108401e-01,2.226044100613719046e+00,1.069182231866591337e+00,1.160598927937903202e+00,-1.500269844632598382e+00,-2.897027786264428695e+00,-1.103139697862615343e+00,-1.814902058197589207e+00,1.188519983570729133e-01,-1.578045269889660318e+00,6.319530158002834019e-01,-1.303133252656628160e+00,5.352520642148445029e-01
-2.178639216890614350e+00,2.512068366316172252e+00,6.071114585382382245e-01,6.989763915012870976e-01,-1.753430153164586391e+00,-3.348986814618044594e+00,-1.708576245074881594e+00,-2.230147171319710520e+00,1.256117940750350326e-01,-1.587765027722624733e+00,9.728122186082466261e-01,-9.568188567049623616e-01,8.063430083717593178e-01
-7.118253561588389067e-01,1.158170799637443293e+00,1.333654489848865810e+00,-7.170111594954945433e-01,-1.764797289371599742e+00,-1.370792852649277416e+00,-2.000911997742822912e+00,-8.008294354832393713e-01,-1.526050764571215801e+00,2.457893839736236818e-01,-5.565917460311625709e-01,7.989172244023882152e-01,-4.150306045953603418e-01
5.690365333703245598e-01,1.279720937449887908e+00,1.226846447844488930e+00,-8.301913768729133336e-01,-1.442687411446641255e+00,-8.810244451604789528e-01,-2.307814877019897182e+00,-6.435008083387430133e-01,-1.699021702448045845e+00,9.771750440404762816e-01,-8.557342815451666196e-01,1.087382665914695679e+00,-1.438183163488574667e+00
1.125589905077877262e+00,1.561333814355576166e+00,8.006246081206002119e-01,1.274270807455689103e-01,-2.160119035569116885e+00,-7.733365282752380221e-02,-2.713645495921957362e+00,-1.515872055558316889e-01,-2.426042412907288615e+00,1.600389437024938299e+00,-1.053140564077123420e+00,1.971330873198874567e+00,-2.054690049318243616e+00
9.674272419937288703e-01,1.739561407342070209e+00,1.530422762889606325e+00,-1.938866877428982116e+00,-5.449782625074537368e-01,-5.723713930470348821e-01,-1.819913070867752669e+00,-9.493254147152665468e-01,-1.810396384093792221e+00,9.800009616886734554e-01,-3.208387032139108919e-01,1.386185949202565437e+00,-1.389811021793391888e+00
7.527933785276806899e-01,1.932309440028710412e+00,1.652729704651078491e+00,-3.215489770225447685e+00,5.647081253733389206e-01,-9.001153686554913547e-01,-1.556192118629672327e+00,-1.884709215311992869e+00,-1.127367051903608530e+00,5.441296665896676599e-01,4.992777206163249160e-01,9.377763878928645491e-01,-6.130629310305726332e-01
5.022275634586820248e-01,2.047950835933419533e+00,7.265913952264705378e-01,-1.680057290318750507e+00,4.557770970718401649e-01,-7.351112205915708575e-01,-9.705984971711737463e-01,-2.353816418081482009e+00,-1.492900013976921347e-01,6.397612374661103274e-02,1.328710761098255144e+00,-1.311335012230752384e-01,4.530204670421265623e-01
1.974744382874458748e-01,1.877029103023162726e+00,3.328805023595547974e-01,-1.155261488962620042e+00,-3.224577778788624838e-01,-1.034569766095006838e+00,-6.627080176233679509e-01,-2.066569580104371084e+00,-4.302424597915426030e-02,-5.017046665257328675e-01,1.768230583766956299e+00,-3.902620276706661451e-01,3.800887991850634973e-01
-2.330566655408457810e-01,2.042389095677493938e+00,3.491222873516030556e-01,-7.799091477276199891e-01,-8.534801432799816734e-01,-8.742614895864051494e-01,-1.787246378252753398e-01,-1.794699712438745154e+00,1.553646843038835601e-01,-7.352872103218978106e-01,1.546559102481660508e+00,-6.073032988685486133e-01,8.613190701042670039e-01
-9.494647658810778657e-01,2.011663348027233678e+00,2.252376351701977295e-02,-2.539570734165128019e-01,-5.428266455308110583e-01,-1.071288614456139987e+00,-6.679406245890538996e-01,-2.082588569403055256e+00,2.080635594427483470e-01,-8.625490655302933130e-01,1.714085198025788959e+00,-5.071522050371225498e-01,1.075567220030644533e+00
-2.333649961932623640e+00,1.933392801210155554e+00,-1.569021203560261757e+00,1.351834193481147750e+00,-1.674792846635657195e+00,-7.508004420855630690e-01,-6.556602555005751620e-01,-1.592702706245189725e+00,2.090515101927794273e-01,-1.063500957985664241e+00,1.303310881677607558e+00,-1.166967992769410323e+00,7.961825276342874291e-01
