7.230974779321499568e-01,1.503315903898986505e+00,8.066376571623153913e-01,-1.114355698766457570e+00,-9.498799546436930141e-01,-1.818351810532483903e-01,-4.483500528591961021e-01,-2.678502270313029565e-01,-3.914585994250679435e-01,-7.601272359671898959e-01,-1.204411923230734649e+00,-1.298828255619758343e-01,1.545617994173431875e-01
4.654468549614942385e-01,1.941989631073364420e+00,9.670175373165185162e-01,-5.693663168134729391e-01,-1.093408093436538442e+00,-1.058232276147365480e+00,-5.134235791195861376e-01,-1.066019699451062230e+00,2.967076806615684403e-01,-9.048015100169009006e-01,-1.669367196302291162e-02,-8.050585499959062030e-01,7.246156634334687263e-01
1.504414873541436437e-01,1.995234247485987211e+00,7.863459440726087157e-01,-6.850134703481314258e-01,-1.437738020515802795e+00,-1.636502172437578562e+00,-4.294431022666784781e-01,-1.099076036190224537e+00,4.581783964304959045e-01,-1.283037874757814167e+00,5.398928479127282354e-02,-1.043758558366016054e+00,9.850492914930358834e-01
-2.861074211659938027e-01,2.477895375679066703e+00,9.758442591304077318e-01,-8.763555152136283111e-01,-1.659525373659181957e+00,-2.307136839270091055e+00,-9.289458799408571998e-01,-1.387301278804707216e+00,8.201946202655927554e-01,-1.096398302943055292e+00,2.018743829160801750e-01,-1.198568378901539555e+00,1.338440772549820412e+00
-1.008964827221407790e+00,2.990576349103499343e+00,7.433799468317588977e-01,-1.104028119002113284e+00,-1.670692345968488812e+00,-2.466589468120298001e+00,-1.087478182234228097e+00,-1.574821525698874014e+00,8.286158497499725994e-01,-1.399987242756734140e+00,-2.499583969090308708e-02,-1.451769389038594760e+00,1.382414714293109581e+00
-2.255762215252538283e+00,3.523670691158224066e+00,5.198408503125766522e-01,-1.171840909313302870e+00,-1.406367160354707879e+00,-1.920451139750104064e+00,-1.436303097926022954e+00,-1.868079535007998393e+00,7.833771266336216899e-01,-1.447220414937992139e+00,-3.632049137061661437e-01,-1.730394309830641575e+00,1.565062751255969831e+00
-4.212203089717448945e-01,2.289667694877401072e+00,1.725779982185110528e+00,-2.018171088382399780e+00,-7.952242340814760224e-01,-6.628654444698733883e-01,-2.311620511803796241e+00,-6.590026235569701463e-01,-1.238570541210178400e+00,-1.435370810056046387e-01,-2.187381107437031957e+00,-1.491924180291694102e-01,6.164442545983287239e-03
7.570119685459577585e-01,1.921885704410580598e+00,1.185200707601694603e+00,-2.089699696730674905e+00,-1.252389600709101103e+00,-2.961016054495766436e-01,-2.243474853585242013e+00,-2.382492148879345739e-01,-1.952816965220014911e+00,-6.080288126428844836e-02,-2.611130315450711503e+00,5.426426861417711356e-01,-4.357535168784428259e-01
1.153324910527636860e+00,1.900104976701902260e+00,6.909996591069943461e-01,-1.408069964783565942e+00,-1.519592164427804315e+00,1.214722802057655482e+00,-2.086889402226869805e+00,4.045704662756782199e-01,-2.173186884411139275e+00,5.462445072069352925e-01,-2.540609746558396331e+00,1.160651503427999609e+00,-9.860383810134137894e-01
9.601751025838569653e-01,9.833664709079126265e-01,3.518162009857156436e-01,-1.618018013823550039e+00,-1.019687045737934561e+00,5.677611860956308654e-01,-1.128787394588476767e+00,-4.028153711878810217e-01,-1.425150474093978215e+00,6.336350326423305368e-02,-1.489410044777773612e+00,8.925463393344560403e-01,1.635107493213281138e-01
7.273317886128647380e-01,6.519283674315343724e-01,1.535152458129267761e-01,-8.872658167748533886e-01,-3.135039300741231383e-01,4.779334934098547483e-01,1.944557845738039692e-01,-4.648794035610384623e-01,-6.204260408196283771e-01,-6.038769335450232534e-01,-9.099860687975995788e-01,8.910895777403342322e-02,6.108460255333086897e-01
4.621868318251999286e-01,3.557019888808640729e-01,-4.590224302356606390e-01,-4.633404565845115203e-02,-1.237065876954502042e-01,-3.299192294706190798e-01,4.991599447573880632e-01,-5.319362366300643963e-01,-8.842244327383831648e-02,-1.391222783222826109e+00,-6.664048105193430549e-02,-7.152617521557805835e-01,8.265729950201115006e-01
1.475421833432362662e-01,1.080114329855886568e-01,-9.350199231088418550e-01,3.661793459683457819e-01,3.439347538410740812e-01,-5.098207263139865608e-01,1.009091797184083594e+00,-4.549337989829255746e-01,5.931848050574723558e-02,-1.467181032137875762e+00,1.900601708409119517e-01,-9.579882811656180719e-01,1.224082318492296650e+00
-2.942423431896796227e-01,-1.353094828941794336e-01,-8.587723220628257215e-01,1.368745088307606217e+00,5.517751856490571427e-01,-1.201950078353724916e+00,1.163654830967753684e+00,-5.090930116815518547e-01,-2.306853858962569226e-01,-1.763529060131628023e+00,3.216166629772552743e-01,-1.268249245454850849e+00,1.156359096239905293e+00
-1.025870089860565715e+00,1.175701831919523654e-01,-1.493497475403609887e+00,1.406585254464847390e+00,7.899757994465829158e-01,-1.496871346363005228e+00,1.436745450167175253e+00,-2.585541742156555189e-01,-1.257324818831870999e-02,-1.561981214458663114e+00,6.847523560823128852e-01,-1.334349932097220304e+00,1.589362567407502702e+00
-2.277939460276380945e+00,-2.213035085022344375e-02,-2.314072185854846531e+00,1.679509390208391295e+00,8.154634009950583184e-01,-2.360507421323172927e+00,1.206906438918469604e+00,1.554104615276778734e-01,3.981683267920726466e-01,-1.052117522575988673e+00,9.924108603730988909e-01,-9.562915791303467916e-01,1.605167935072354002e+00
-4.489420486470937499e-01,-1.704561418235704062e+00,-1.283310729546521367e+00,1.306180188681048460e+00,1.507182977955928260e+00,-1.746106161557804404e+00,2.040095642709414958e-01,1.829098238547149480e+00,-1.079568559885200729e+00,3.827388867360812519e-01,-6.353975552750341649e-01,8.298588478922532818e-01,6.064201138653730477e-02
7.419080967204237931e-01,-1.624866784397842823e+00,-1.458964492981910999e+00,1.752973113350865031e+00,1.649194834125700337e+00,-1.310863989750783887e+00,-2.899638872772982712e-01,1.955838979526987265e+00,-1.432165366252747152e+00,7.401428164366499196e-01,-1.135862500137843734e+00,1.275730895448387914e+00,-8.031035230857643814e-01
1.147935683670227691e+00,-1.319851904268356746e+00,-2.217942982326218004e+00,1.939409635024981204e+00,1.170574045259542117e+00,-2.388821564731132829e-01,-7.216507605962741989e-01,2.204813584400859394e+00,-2.216992650274630439e+00,9.674819315689312527e-01,-1.123586655838217263e+00,2.083642057733572805e+00,-9.676282245647266356e-01
9.587232717893410250e-01,-9.485813794534809773e-01,-1.741496102094908460e+00,1.068707073237829208e+00,8.535426228228728540e-01,-1.177752365141098823e+00,-4.275020731691389630e-01,1.609289597294048857e+00,-6.780845976550937682e-01,7.250026665776754253e-01,-2.590939958365992557e-01,1.205363848981694241e+00,-9.465360794369646058e-01
7.276281178208494627e-01,-4.545063428117527837e-01,-1.641947819310713319e+00,4.672718337588330217e-01,8.554296770899555424e-01,-1.306788898738477034e+00,-4.881708553370724818e-02,6.181722167984223804e-01,-3.703508222542862827e-01,-6.915752870486924220e-02,3.019501396632610635e-01,2.769928348789652550e-01,-5.216018985096340099e-01
4.625009035628083187e-01,1.279544850065432726e-01,-1.122488816469066952e+00,6.623701013620215683e-01,5.618993753860609397e-01,-1.181898214724012242e+00,4.278364547499293180e-01,2.033735005119443814e-02,4.836439894774841736e-02,-9.340772154207107603e-01,7.737313561528679218e-01,-4.433632707676191109e-01,8.530046943165051077e-02
1.474164925154409778e-01,-1.090344873383923829e-01,-1.263185295802015551e+00,8.433999083474283953e-01,1.122613943050578822e+00,-5.101366876925603755e-01,3.498252262793462020e-01,-5.956598417685786684e-01,1.635792347720134432e-01,-1.335673099552024956e+00,5.297529509858532881e-01,-9.190324545027864778e-01,3.522821911793438399e-01
-2.942985282279670933e-01,3.142186391847707205e-01,-5.255997224238171395e-01,1.177453846132428428e+00,9.090236297082523453e-01,-9.455699255478164922e-01,1.736577858205287650e-01,-6.450229756044260077e-01,3.893581132018704150e-01,-1.495713496484531335e+00,5.208211209353295068e-01,-9.124300185896437876e-01,6.542727725607949685e-01
-1.029165026548574113e+00,4.712282864397318027e-01,-4.489820114302720544e-01,5.727848956501032651e-01,8.763280995423281539e-01,-2.464355482294166289e-01,-8.478569381338377231e-02,-1.412500034767122603e+00,7.889480542525912909e-01,-9.269503863332664295e-01,6.740971504853812135e-01,-1.253637138044288335e+00,7.667257303292681625e-01
-2.289176614385700859e+00,6.892992639808507294e-01,-1.530780538149652537e-01,1.125273740096832675e+00,9.366225793573353942e-01,1.087404324551529550e-02,6.758097935761703257e-01,-1.103747063912823956e+00,2.867060365343890860e-01,-9.608593497558630681e-01,7.967987350414114101e-01,-1.161567811258316318e+00,7.968225226774073855e-01
-4.329318962667930704e-01,-6.788144695992520683e-01,1.287762200197607232e+00,3.833762331746696228e-01,1.092241945916729406e+00,4.036197206560051542e-01,-6.465724632033552632e-01,2.510259407852612479e-01,-1.236251923590715673e+00,2.560610864576354229e-01,-1.235315746173094142e+00,9.427328290083875073e-02,-8.410335715155061731e-01
7.509414436937130732e-01,-4.399078974084171811e-01,1.092493505629305917e+00,3.186172817851256056e-01,1.007622723849503243e+00,1.319662246213535450e+00,-8.178699379514849932e-01,7.471255691450968683e-01,-1.578555961972692767e+00,3.728277268850925252e-01,-1.626492656724655594e+00,9.584613328112470132e-01,-1.441608462683622305e+00
1.148719957779746448e+00,-1.124935598869100939e-01,5.771967754129362360e-01,5.575191623727412393e-01,-1.060113064345833550e-02,1.685082779844602863e+00,-1.540913582129272097e+00,1.000182521694958249e+00,-2.004587923730291710e+00,7.845797630557470592e-01,-1.866967134780627369e+00,1.399463095570865345e+00,-1.923760685118480307e+00
9.561603819372457291e-01,-4.312463895804927172e-01,6.376056061417525456e-01,2.772670697172439636e-01,4.398937522147826074e-01,1.212553175710664677e+00,-3.427181779114077953e-01,3.726405955174301177e-01,-1.059131335690673970e+00,5.408990144579698400e-01,-8.721787831454825834e-01,7.178493809212019849e-01,-1.221049460133917020e+00
7.244805473176159083e-01,-6.034343084757242126e-01,4.849160992267058101e-01,2.763293365163683180e-01,4.230024651038245542e-01,9.262206427394128472e-01,6.469096721967884100e-01,-5.916022592123889451e-02,-2.404876581380197276e-01,1.241549155290589679e-01,-1.212022155337005580e-01,-5.412940847666792427e-02,-4.024321568194591525e-01
4.606088405110618234e-01,-3.525760594917570767e-01,-7.767503419380730745e-02,8.806733531436231610e-01,5.958008292629313196e-01,2.500888243733929706e-01,8.246226921519443920e-01,-4.702575171277421640e-01,1.607565232614890927e-01,-8.641779186222232623e-01,4.658832694633204263e-01,-7.015147300861047652e-01,3.726396267485684866e-01
1.459861044145487619e-01,-3.973322820753165674e-01,-8.442656969456122651e-01,1.030764749677138159e+00,7.350106310247621622e-01,-7.730879582859953025e-01,4.007772420828421556e-01,-5.729110860830786134e-01,2.737696512258665504e-01,-1.119806696017861203e+00,8.786240956196128549e-01,-7.206396369072102237e-01,6.585939950123993469e-01
-2.944505883475517227e-01,-3.846362033266825797e-01,-1.617493921037665539e+00,1.526943252493369485e+00,1.400493813911765084e+00,-1.382029008383387048e+00,6.352131164618144421e-01,-2.438819116133044140e-01,2.440265782659495897e-01,-1.388423658558312068e+00,8.593957421300196797e-01,-8.047816961958131898e-01,8.260630743160638501e-01
-1.022949966772052077e+00,-5.163349991021972674e-01,-2.119084229438717770e+00,2.141674339813353534e+00,1.748763996482202820e+00,-1.955986095316931905e+00,4.466070584015126022e-01,-1.633718587921175955e-02,5.193257433599705042e-01,-1.609256258501383208e+00,1.000900241626731413e+00,-8.432308941768626998e-01,6.503615415082266704e-01
-2.263504334932104012e+00,-2.197863041426558750e-01,-2.986088779442736207e+00,2.044954549953934109e+00,2.439420430003057749e+00,-1.315326398995378732e+00,6.797650324356514506e-01,2.660706897550016437e-01,6.131229365119776897e-01,-1.620835837645243194e+00,1.088437031261888066e+00,-6.990601498717960993e-01,6.958728139264815926e-01
-4.474055425482558190e-01,-2.018033199494428498e+00,-2.010677069941805950e+00,1.084869954045706963e+00,2.803352498415083716e+00,-5.587795000380916255e-01,-5.806998578742077477e-01,1.764579687587666479e+00,-7.200189349569624531e-01,2.750017469370953926e-01,-2.477960301737321958e-01,1.019029076249591270e+00,-8.280134433751089595e-01
7.415863514284941616e-01,-1.647623142058133094e+00,-1.596025828284474812e+00,9.600100531925012115e-01,2.116000747457797093e+00,-8.667304098706739637e-03,-8.955194122790386402e-01,1.900258505368387363e+00,-8.193752215207499301e-01,9.880218668673095284e-01,-5.891782301961879798e-01,1.522051569071394939e+00,-1.254913675011204210e+00
1.145957977100576120e+00,-1.290914519413677075e+00,-1.672701168436681041e+00,9.421471981128912709e-01,1.306854103585374460e+00,1.338291608288052936e+00,-1.454717459659491174e+00,2.163775479490068765e+00,-1.085331474852321954e+00,1.351972217232411788e+00,-1.217407537862337019e+00,1.823931468870210182e+00,-1.637889661766522842e+00
9.579730533650446800e-01,-1.046765674158206316e+00,-8.459537899198278366e-01,5.359263849427192694e-01,1.389237087351713251e+00,1.425400764574230594e+00,-1.050445788850982165e-01,8.895631541371807893e-01,-9.245597726144617612e-01,5.108300341704641312e-01,-4.705004634480097758e-01,1.021451516219769928e+00,-1.274477113742675138e+00
7.254350972465983816e-01,-6.028097299386477870e-01,-7.718410848434578142e-01,1.278681347695384829e-01,1.155565309338996594e+00,7.628562919295837075e-01,-2.527268489671894991e-01,-4.526854657086163414e-01,-6.396135266751530324e-01,-1.688008480654956400e-01,2.609502617516777367e-01,4.500676855416987365e-01,-5.442265931609185925e-01
4.611679749503340142e-01,-2.514465370957517654e-01,-7.159675832526900541e-01,6.447727072393323322e-01,1.366265948366687466e+00,1.082113513796913784e+00,2.227232320632464846e-01,-1.174346277048102571e+00,-4.815922343686936113e-02,-7.349006637045367718e-01,6.169630716798069070e-01,-6.135639742014243891e-01,1.251263706149943478e-01
1.450295229101345174e-01,-3.204675725553461640e-02,-6.000491974501933612e-01,1.464117247366643892e-01,8.580078210369008751e-01,5.852140166765914531e-01,2.478447867523689563e-01,-1.267155713680968354e+00,5.374310992830352296e-01,-5.227079381209003284e-01,9.694952529340884473e-01,-8.129581884044249085e-01,5.998505201488782967e-01
-2.955165024974426013e-01,3.660919627725002234e-01,-1.124541189635908794e-01,4.875943092092663300e-01,8.661531155734145671e-01,4.842642025338411149e-01,1.784508479893378297e-01,-1.666394664330794972e+00,3.473604846044653915e-01,-7.824762021665464529e-01,8.871546448307171540e-01,-9.921206403111421102e-01,1.062960704893185948e+00
-1.027650514190398212e+00,4.384539137147128729e-01,-2.470643003534710169e-01,6.021556779659428260e-01,7.893170996660042738e-01,1.800685452178327206e-01,2.622799027396724991e-01,-1.695565612511353848e+00,3.622847487702277602e-01,-1.047283504683416577e+00,1.045192343229687237e+00,-7.313931468480837639e-01,1.532885249503011638e+00
-2.290292387577232081e+00,7.696719205575008882e-01,1.193932359448274527e-01,1.084934392587973306e+00,7.290426141953725292e-01,2.248528473306330433e-01,3.014001118946938451e-01,-1.400622796507444257e+00,1.361384153710360201e-01,-1.368845965298016942e+00,1.249918440375451079e+00,-7.607518423587850132e-01,1.270523533320714771e+00
-4.347335786442337868e-01,-4.716766010475207382e-01,1.702585425322321377e+00,-1.017010588479144995e-01,6.855984415273277399e-01,6.847840693460370831e-01,-1.115602821111231657e+00,-2.790239053689140825e-01,-1.296529716252424080e+00,4.198789281856335487e-01,-6.426274580115582946e-01,7.921509110781903562e-01,-5.548308103326133889e-01
7.507542514108382914e-01,-3.604547994661091992e-01,1.704052735657428430e+00,3.473257973006482202e-01,4.041427293220479777e-01,7.454822029220158353e-01,-1.520203000407244875e+00,8.466394411797081854e-02,-1.509063676664809117e+00,8.699941328556373143e-01,-1.164192789595031696e+00,1.143180249648108493e+00,-1.389941391895925582e+00
1.148140342891592613e+00,-3.719228409671062607e-01,7.152499164907863971e-01,4.473577656570187910e-01,-3.875085433079293318e-01,1.682052385877850664e+00,-1.480230333799401166e+00,7.590387133991221003e-01,-1.799319044757366148e+00,1.506368892804828663e+00,-1.394173693144829418e+00,1.430542438595563404e+00,-1.778871735021387179e+00
9.571295535745880656e-01,-5.273517509972980299e-01,9.996820282810278124e-01,3.119469009981565844e-01,8.271364023497350393e-02,1.229420272596075225e+00,1.700732525869539866e-02,4.790777863048549801e-01,-8.825175970779665091e-01,6.454389930753932081e-01,-7.035083855130396246e-01,9.671914151007764415e-01,-1.140151122036890285e+00
7.257028966229459588e-01,-3.706010900124709906e-01,8.361044308910613454e-01,1.941866422274503012e-01,8.576711029583940216e-02,8.185959565604242760e-01,6.505141767842763656e-01,-7.544797983404072372e-02,1.076377051633359283e-02,2.907003777103480124e-01,-7.983554289543243199e-02,3.733933885024936367e-02,-3.063159699438902650e-01
4.619843134208436730e-01,-2.683994105043876477e-01,3.365106859491857616e-01,4.651306427177917535e-01,4.200958420670250493e-01,1.470406953554584062e+00,1.604113085775470182e+00,-5.057817386739542620e-01,5.845531266527767000e-01,-2.387218655202151818e-01,7.167298626740762346e-01,-6.821900383967020032e-01,4.874742010091732136e-01
1.451253735669529310e-01,-5.219860493238288879e-02,3.939715897929665922e-01,5.075247980935021497e-01,3.821373236045577659e-01,9.581719948343013771e-01,1.440762288978247208e+00,-6.989645749528461405e-01,7.332061259400669551e-01,-4.676122805043128050e-01,8.658707125131362980e-01,-8.061625551684344915e-01,6.878881359677919693e-01
-2.960420795374665848e-01,8.681416809512171665e-03,4.017745388992682298e-01,5.707048559661020981e-01,4.958094595772906676e-01,7.645867090237294939e-01,1.439700839776524521e+00,-6.750881588715379467e-01,9.051558680042688376e-01,-5.928091538527999749e-01,8.630082449023953606e-01,-1.052046243583293350e+00,5.004309891953492295e-01
-1.028182413179647536e+00,1.681403453854728169e-01,4.439779442817823329e-01,7.566497540214246476e-01,5.648342033827474795e-01,6.284927777102338187e-01,1.324553673707146162e+00,-8.582367830935946351e-01,1.072268473722328697e+00,-5.913142922420711045e-01,1.091002377930627487e+00,-8.763354878581969265e-01,9.139261439815543620e-01
-2.282104202640476309e+00,2.238443919866120457e-01,4.290968533426562925e-01,1.066844578499938967e+00,7.103702933242789230e-01,8.241049796337353017e-01,1.150702559015310378e+00,-7.620001952686845659e-01,1.060144334783343023e+00,-8.638129564698083795e-01,7.221078802717125766e-01,-1.096797363172670181e+00,1.249412770969606790e+00
-4.566395745816268503e-01,-1.380600414337247450e+00,1.271836210553254576e+00,-2.629586127949411489e-01,7.025268749016485570e-01,1.559374543671505187e+00,5.424721573674531339e-01,9.386273200435586439e-01,-2.360903881767991430e-01,9.774114967681100108e-01,-5.926607055861147222e-01,7.158550426685112988e-01,-5.823400896533634796e-01
7.355945884345113095e-01,-1.297351882026114733e+00,1.036501993592915394e+00,-2.607858656323111535e-01,1.113990372771127141e-01,1.308766583025356312e+00,-1.098500341281497122e-01,1.111194696272012283e+00,-7.831693916615047879e-01,1.244689950569736636e+00,-9.787598710608612640e-01,1.283538530533083311e+00,-1.098781111674114852e+00
1.142262875430959834e+00,-7.476314049254332295e-01,6.424070633736688185e-01,4.570959913866114444e-01,-3.857883683216267179e-01,1.846128266673194185e+00,-1.133017260034467677e+00,1.157525882847067589e+00,-1.591278464425659678e+00,1.392630719798653161e+00,-1.450543093341068124e+00,1.594715262028408631e+00,-1.435936204907934277e+00
9.548074151784569086e-01,-3.906898628467842527e-01,1.244950247445962610e+00,2.532509486598074067e-01,-2.899243349620208021e-01,6.229223032025109630e-01,-7.805321677375146594e-01,-1.815287107013793116e-02,-1.110787768955251664e+00,6.570754319124544329e-01,-7.789867894661292036e-01,8.419472370588203525e-01,-9.268456973117111808e-01
7.243542659859167898e-01,-8.975492251050215531e-02,1.003049647678015077e+00,1.852075723141878572e-02,-1.148991510536723354e-01,3.766866497007214099e-01,-4.036331276231164833e-01,-5.726061402181595872e-01,-3.764606109088304842e-01,-1.247662395959186488e-01,-1.636951828274549048e-01,3.668762759984020572e-01,3.087709150414331277e-02
4.615170178429431336e-01,2.278155559887179993e-01,6.344355232403985356e-01,3.434551816867171814e-01,-6.916409517737949486e-02,-6.947096797798123224e-02,7.852643173011385896e-03,-1.275292491114149218e+00,-5.599420639932840144e-02,-6.290272772713916272e-01,6.461068593661798420e-01,-2.592953745716167768e-01,8.660317202184174556e-01
1.444370308303976336e-01,2.093421876804210935e-01,4.320848871411352432e-01,1.403502226255331498e-01,-3.204701846575298552e-01,-3.944893913280704822e-01,3.466854854016652304e-02,-1.545155075000765654e+00,8.521454166968214783e-02,-9.532764067422565546e-01,7.706324605082781609e-01,-4.327718477996739255e-01,1.144916236522164343e+00
-2.963327250564266047e-01,2.374078320395303088e-01,5.867721244993080454e-01,4.279715480767435909e-01,-2.066727629718109749e-01,-4.518529176104676415e-01,1.751278667204830275e-01,-1.417903298173532667e+00,4.442262089403888337e-01,-9.757821527942426298e-01,9.988814779447561243e-01,-5.275551739236036264e-01,1.158009248734500840e+00
-1.028896940643026392e+00,2.547396754528840623e-01,2.706035805950056106e-01,2.391965974243718540e-01,-4.023724537431212500e-01,-1.152142204597452313e+00,-8.649782782149954830e-02,-1.375675367453959907e+00,8.325702839239175201e-01,-6.316874808762363847e-01,1.478827514962104850e+00,-4.385035044036373342e-01,1.600233516696446978e+00
-2.292526960717480300e+00,6.416443157365755434e-01,3.795352200781382246e-01,5.014869349555485245e-01,-1.345524856571700678e-01,-3.358839924068794947e-01,2.915904362668552685e-01,-1.239312207104096730e+00,8.393128273427632458e-01,-8.060993402542118158e-01,1.404847054730210987e+00,-7.204966049495504787e-01,1.283071215177430169e+00
-4.378045500618461539e-01,-9.703017039276208289e-01,1.671362676147349235e+00,-3.071653062548647672e-01,4.999217872612123775e-02,1.019111925519132628e-01,-1.054883772320950319e+00,1.609546208384399768e-01,-6.221399519476393802e-01,7.173030498321014692e-01,-6.595370428409768060e-01,8.554536847473422911e-01,-3.753653071289195786e-01
7.487609700064034035e-01,-8.535779379959926860e-01,1.360128091405063078e+00,-1.329620889148097063e-01,-2.528175856471634453e-02,6.196413001851508451e-01,-1.011582525125149568e+00,6.900367084072622781e-01,-9.421781297862024118e-01,1.167929716532569495e+00,-1.168062502830574001e+00,1.171745230218022016e+00,-1.183147546125050464e+00
1.148364678995695831e+00,-8.084616475212283992e-01,5.590337719295507268e-01,8.317739657530488773e-02,-9.397574221309945575e-01,9.821147494877122686e-01,-1.584571981466686097e+00,1.290181012700218011e+00,-1.247085454236070534e+00,1.782244225274003169e+00,-9.973394999449289866e-01,1.829852961010651313e+00,-1.572397267099422402e+00
9.577171107235292746e-01,-6.964754428134550812e-01,6.851415801439973974e-01,-1.048245041141171729e-01,-3.875290749672672952e-01,4.006170248769060360e-01,-6.397677907383625406e-01,6.753282655386597666e-01,-1.276980645097191558e-01,1.096483701374486586e+00,-7.838185090516406328e-01,8.701456166785251911e-01,-9.725265299246977913e-01
7.257985393303444388e-01,-8.029115656140740631e-01,1.189562558285588295e-01,-6.439793120845190844e-01,-6.814838284173241334e-01,-5.774966811966704416e-02,2.208303085184880332e-01,1.914582210626120662e-01,5.514823325763033024e-01,6.460128809755314450e-01,1.534506048574144355e-01,1.917303960561042853e-01,-1.786411313106399945e-01
4.609205420734886482e-01,-2.698086439337970543e-01,1.655182634123026630e-01,-1.149391870258853754e-01,-5.120540754825562146e-01,1.319261967989405170e-02,5.871557442376829083e-01,-4.825003466730170554e-01,1.210628081233264597e+00,1.574195444957525725e-01,9.658844290886330342e-01,-4.140655384445424692e-01,4.924432265351990079e-01
1.449145766997239071e-01,-5.369216557387189726e-01,-4.078035588020167967e-01,-6.211341806312786762e-01,-8.776804337485181184e-01,-2.723098700112380199e-01,1.166111681200807215e+00,-3.045863797953285990e-01,1.492593017885129658e+00,-2.407052020919404206e-02,1.174985361776617276e+00,-5.539076701658534052e-01,9.427761483986683011e-01
-2.963358510062268913e-01,-1.240422283307032192e-01,9.309291484775689129e-02,7.074931267591514500e-03,-4.360320884274565545e-01,-1.870950535664883396e-01,1.323912910922370179e+00,-3.097254053843040977e-01,1.655618639897032729e+00,-2.505891128863587669e-01,1.021455462944964365e+00,-9.478296038599774986e-01,6.820218319555877429e-01
-1.027849317644487170e+00,-4.065669526168859127e-01,-6.265674625167930722e-01,-4.839579811485880678e-01,-7.018885614513872273e-01,-4.681003869827104480e-01,1.548252905694396553e+00,-2.308331581038045033e-02,1.955923265011837220e+00,-2.487905973258538461e-01,1.239595055078389629e+00,-9.299296055660655203e-01,8.493994858101396872e-01
-2.278588879068671691e+00,8.499065533970833197e-01,6.090407785417097791e-02,1.528412690164380749e-01,-4.362658375758132201e-01,-1.375625748010584681e+00,1.945486271174267159e-02,-2.297747357395465706e-01,2.157134589872127695e+00,-1.991699944974137937e-01,1.330305991792636533e+00,-7.882744921041239250e-01,1.209378071499265683e+00
-4.554005962036757338e-01,-3.713337269036901533e-01,1.092998709335044394e+00,-1.350523591048933714e+00,-8.006137006184957938e-01,-1.260907468456786029e+00,-1.782235289841018977e+00,8.903919252168668308e-01,8.630891417198149895e-01,1.691979624179517971e+00,-1.281793182255529795e-01,1.026718530318610156e+00,-5.725483169291031293e-01
7.373811713628832809e-01,-9.542671350695287880e-02,1.043394348837377361e+00,-1.186505080878407004e+00,-9.645584255342678492e-01,-7.946494556154475308e-01,-1.547975738824075131e+00,1.451218183131378847e+00,4.653050098703321868e-01,2.225296005503814456e+00,-3.694324809889568129e-01,1.621503073262454020e+00,-1.034535351582927198e+00
1.143185369467470069e+00,-3.646699944532683091e-01,1.452720818654412438e-01,-9.129434289099870314e-01,-2.039263041122712838e+00,-4.108558006008601327e-01,-2.098310463694678774e+00,1.622803307430691344e+00,-3.727124087761793936e-01,2.412689810456175810e+00,-8.559332291321561925e-01,1.842686437703418223e+00,-1.402044270760712363e+00
9.544232825284295618e-01,-5.973032637826051205e-01,3.873569951301188419e-01,-9.174372798418598540e-01,-1.079493295582059753e+00,3.665602499296177069e-02,-4.306578990706986798e-01,1.090413718299404033e+00,3.579861174362971576e-01,1.649572527918119924e+00,-1.181278971016265361e-01,1.171878920016298675e+00,-8.853881468207872585e-01
7.230724530810835882e-01,-9.665327918303527888e-01,-1.409153684442874740e-02,-7.370711307978213833e-01,-6.264649105574064958e-01,5.020430203370998545e-02,2.767746198008276814e-01,1.381829350087782349e-01,4.825407550336051066e-01,7.006116639626711606e-01,2.760762755388702638e-01,2.565694118180703032e-01,-2.265195415827348235e-01
4.595597454380699332e-01,-4.410956622998828403e-01,9.151295522763169821e-03,-5.982118410535971348e-03,-2.728194015300794417e-01,2.549114930364260734e-01,8.411168523711402001e-01,-3.923962279388860663e-01,9.820842138685770273e-01,-2.989172432087651085e-02,7.279090371970183826e-01,-7.880651043990872795e-01,2.200757986298058355e-01
1.447833273022954281e-01,-7.351643664007156964e-01,-3.824224192286758695e-01,-4.920838077835283375e-01,-5.804531282774431089e-01,8.346002564646286259e-02,1.038822393970431301e+00,-5.832852637849669231e-01,1.227493034242078007e+00,-3.400196193093241170e-02,1.164165603219951439e+00,-6.062216278085498233e-01,9.950401582222834218e-01
-2.947971948831579203e-01,-2.585800144740275641e-01,-5.420645880017415513e-02,-3.752046849330110956e-02,-3.153942548127555701e-02,3.807883879160715579e-01,1.257131527635181101e+00,-5.688352744275195771e-01,1.332905613516670140e+00,-2.398714103938501541e-01,1.124969492022453776e+00,-7.937105263744080874e-01,1.075385162434409958e+00
-1.022640697781368013e+00,8.997793693007096749e-01,-8.175869867252569811e-01,-1.424650421660831334e+00,-7.432688204953759037e-01,-1.717427142600467527e-01,1.374970251068457827e+00,-2.243150335667747630e-01,1.855182799965005902e+00,-1.635973374433300626e-02,1.257507118572704252e+00,-1.470296212332298902e+00,1.109644073599099084e-01
-2.282759086694821082e+00,1.764570073519479587e+00,-9.558489334085360500e-01,-1.341334453970653540e+00,-5.569438488940403609e-01,3.156157841316894475e-01,1.875679428996024578e+00,9.464385086910993838e-02,1.831217894763342846e+00,-4.411208795215416090e-01,7.838315632942725042e-01,-1.611805694361993835e+00,1.442887598423654993e-01
-4.359366904897702399e-01,-1.177428535620981820e-01,3.377069862606055795e-01,-2.369454454556926937e+00,-5.531958074867644459e-01,8.797340778588534915e-01,8.451686866815465438e-01,1.580376448082247309e+00,2.164147897489775985e-01,1.105495272515521377e+00,-7.193075507640585009e-01,2.294638881272929309e-01,-1.312616411839012676e+00
7.513159525018940910e-01,-1.190978882278910661e-01,7.308636912914502348e-01,-1.236909769368450984e+00,-3.554313264018332807e-01,1.247779051493944635e+00,1.889663612403664761e-01,1.611246966636975086e+00,-3.491714322428920436e-01,1.378294289368561465e+00,-1.103671932552596102e+00,9.910958107533568429e-01,-1.545900988673688081e+00
1.150473048976796697e+00,-1.803024718262486725e-01,2.588708352591732598e-01,-5.925240024955608087e-01,-1.354633475150202493e+00,1.080614271519240832e+00,-1.254154954790090759e+00,1.670260571932892235e+00,-7.024866648713049555e-01,1.863502794901222837e+00,-1.433775321549898063e+00,1.521356747896976058e+00,-1.523263780503248510e+00
9.600011785177952062e-01,-3.056314671108723013e-01,5.048779368447933180e-01,-5.724190382001268507e-01,-7.309214225300811885e-01,5.319324191437125871e-01,4.970688318836474773e-02,1.045780900236707334e+00,3.699900967417792466e-03,1.379869969844928379e+00,-3.610618921242544355e-01,1.012774830270822601e+00,-1.035658621473620977e+00
7.263956790456157497e-01,-6.379565104836704137e-01,5.076745975360164725e-02,-9.372709675379813365e-01,-8.568263240137558023e-01,-1.140835163115552359e-01,4.383921074544628871e-01,3.713057397259605374e-01,6.667152326468404056e-01,9.357862002815493518e-01,5.553803022940463352e-01,5.078664462516646605e-01,4.602948917194848999e-02
4.631782519207405246e-01,-1.173279846749959443e-01,1.700201433114375826e-01,-8.178050106933207331e-02,-3.760432991322693597e-01,2.739598414357435896e-01,8.999484534065894659e-01,-3.252652154654294137e-01,1.162775537563710326e+00,1.853449852159882449e-01,9.938879110906747583e-01,-5.087040778649513095e-01,4.006002350663142586e-01
1.467748273082134514e-01,-5.811735475519798078e-01,-4.601964670946600555e-01,-5.261585855689803193e-01,-5.660628069826877384e-01,2.950727693689774722e-01,1.559390025887702702e+00,-1.935113344631037569e-01,1.363794307670533223e+00,-8.220856464359327376e-02,1.279851868829424477e+00,-4.968026587578242559e-01,9.863502195209885581e-01
-2.961479616087761557e-01,-3.536552219494992766e-01,-7.784928437284226177e-02,1.205217883014665994e-02,-4.041864796849792274e-02,5.416030659496803290e-01,1.575934668717854814e+00,-4.847325793651832138e-01,1.167000858721774614e+00,-4.009004255180310672e-01,1.329688625740779617e+00,-5.474460690291266252e-01,1.039969003636988854e+00
-1.026538753211545529e+00,1.480956753970441797e+00,-5.084674196512689592e-01,-1.805481499610381402e+00,-1.659637508486698554e+00,-6.944244020372037918e-01,1.222260056997436450e+00,-7.769886655896820482e-01,1.235695675143077876e+00,-4.242975469646475539e-01,1.221168433138612119e+00,-1.383178396936798116e+00,2.656003566796741322e-01
-2.279465001576419958e+00,2.166554518948207164e+00,-6.962718532354048584e-01,-2.058932970933579742e+00,-1.726362999034914303e+00,-6.664439747534532943e-01,1.149771206826837089e+00,-8.322699312294867813e-01,1.235658078321291820e+00,-4.214002807101203119e-01,1.141693902327632459e+00,-1.432691968710732677e+00,2.458584351451675865e-01
-4.518652327169717653e-01,5.768713490000206834e-01,1.224030658687931261e+00,-2.266765526004055786e+00,-1.410912606972614780e+00,-1.515962034752122989e-01,-3.184170014353895906e-01,5.400850373349407318e-01,-4.066297671956860538e-01,9.844096275966440768e-01,-5.266573639740989021e-01,3.571771581836363785e-01,-1.130413271690607013e+00
7.381121385662597900e-01,-1.334961781563554772e-01,7.446037165201215835e-01,-1.836158852525037855e+00,-1.121072233094047466e+00,6.782640714142699201e-01,-1.047172056833974366e-02,1.351805194109539698e+00,-3.585999765043954013e-01,1.493812589049442696e+00,-1.032392202893353428e+00,1.042973920848814684e+00,-1.488212784328407201e+00
6.743177113673508583e-01,-1.288556256443058878e-01,-8.489460043157343039e-01,2.170357294661170167e-01,-1.892417433314791175e+00,1.676887051868760192e+00,-1.139750718988516098e+00,1.439416017334619768e+00,-1.519648697183308306e+00,1.365779769804311261e+00,-1.642867177550619617e+00,1.292577515780219510e+00,-1.788326462150578555e+00
