-8.241678918648820407e-01,-6.864741793659794311e-01,-2.060120024877181599e+00,4.053079580659073144e+00,-4.135644836545608605e-02,9.917798870568853009e-02,9.131658341501101006e-01,-7.421475345460774031e-01,1.214057370363358368e+00,-8.538097806219642205e-01,1.142423993045950104e+00,-1.334271294938949248e+00,9.997337671955101035e-01
-1.988634421823386011e+00,1.790344824034222571e+00,-1.361747853735012503e+00,1.226937665459941984e+00,3.923212493378100407e-01,-2.559219692966984150e-01,9.117587428156078699e-01,-9.435338236184184213e-01,9.494392168654702813e-01,-1.351013126203959969e+00,1.071426299386858627e+00,-1.083339842571543477e+00,1.348065932960269553e+00
-1.254633113530731814e+00,-7.028490318720741481e-01,-2.041856565986950311e-01,-7.981905858773747919e-01,-1.264512945656827148e+00,3.092210229906817709e-01,-6.490314426392533864e-01,6.586344877069129078e-01,-4.687842715147069184e-01,5.123902916569339494e-01,-3.602729033420010718e-01,3.518439947159743841e-01,-2.112051697140081563e-01
2.755210616909797294e-01,-9.124761504965439585e-01,1.536662284069436057e-01,-1.341498145078346749e+00,-9.641789748516305103e-01,5.922225941471357391e-01,-7.526409981805682881e-01,1.068601276798977651e+00,-7.308752379405258903e-01,1.017591102676548953e+00,-7.577197330437582812e-01,1.108651618291181640e+00,-8.067001685974858338e-01
1.193688478726891766e+00,-2.499253562664292827e-01,-6.617895686707134795e-01,9.370356903994984110e-01,-1.994483243609467493e+00,2.004602936962374127e+00,-1.785422947248539449e+00,1.853586422022033053e+00,-1.634548985456303560e+00,1.765208245396165943e+00,-1.617383714132083039e+00,1.701701038508135255e+00,-1.758722275399234869e+00
1.052640727502716755e+00,-1.141113953528005709e+00,5.747358033102125674e-01,-1.040417622394693486e+00,-6.775882700202617848e-01,8.933793366208282460e-01,-8.484958063134204753e-01,1.272357722732311958e+00,-8.796080214129403663e-01,1.220587988507318533e+00,-1.010506882579516041e+00,1.387011476320484382e+00,-9.676832283215686115e-01
8.335127886774985617e-01,-1.209740885274587452e+00,1.985094456379352890e+00,-1.112108442126430452e+00,1.030979523249760277e+00,-3.187017191933566584e-02,2.805469003367463965e-01,6.300725721784855571e-01,-1.299573122363071875e-01,3.596363013331242420e-01,-3.830943805368038912e-01,4.903625901232357975e-01,-4.962313415868812028e-01
5.724903731296472342e-01,-1.201400089958609974e-01,9.713568039807674026e-01,-2.451592719263920861e-01,7.708590261259822274e-01,-8.650944891609756437e-01,9.386088686256763847e-01,-4.626971572132088650e-01,5.533563243785336594e-01,-4.210911680862822193e-01,5.182344802231322323e-01,-4.502245477407597063e-01,4.470016551717721498e-01
2.641424985510865686e-01,3.462747768920581004e-01,5.313792927869671612e-01,2.079833961777001125e-02,5.110124368711491671e-01,-1.062920886784943564e+00,1.014141641773219193e+00,-7.899376780659669306e-01,1.039769863912075154e+00,-8.148852357923850320e-01,8.306253225267464790e-01,-8.629578622118668774e-01,6.911953622249118467e-01
-1.544634899269335671e-01,8.500093085066598997e-01,-1.629039016469586432e-01,-1.015276764710438123e-01,1.836024829617219079e-01,-1.451425905636475999e+00,7.628623130540725938e-01,-1.153645099192978973e+00,1.004882722742424850e+00,-1.042969682626915695e+00,1.050955768005990887e+00,-9.258968598151051665e-01,8.492566807291958009e-01
-8.294357736966099237e-01,1.635452117775092029e+00,-4.399171934352515967e-01,1.289478382014409785e+00,5.433815137318488420e-01,-9.233204893952814407e-01,7.436481444000809793e-01,-1.148739705031461833e+00,1.017363337857325467e+00,-1.283026357070216283e+00,9.912788219251411626e-01,-1.256992010283022099e+00,8.785074433584096898e-01
-1.987845935825787169e+00,1.775893536180607857e+00,-1.488728289000289973e+00,1.036253384676047329e+00,-1.445820957796656869e-01,-4.919020822523958447e-01,1.072380246966106121e+00,-9.755894300196513713e-01,1.046467421025198741e+00,-9.579306473430294622e-01,1.235762221673288197e+00,-1.221458678350973992e+00,1.095308089553764574e+00
-1.224697080493808654e+00,-4.982071852832829495e-01,-3.148025367722633860e-01,-8.480732482965664953e-01,-1.136856773523125419e+00,1.501750496502640420e-01,-8.094600126793175532e-01,5.933987053478858575e-01,-5.782633306730180500e-01,3.702889942374301135e-01,-4.568346879449891040e-01,1.696728091250620518e-01,-4.086564602425261650e-01
2.982340504653621105e-01,-1.107241627322728128e+00,-1.061487263718948193e-01,-1.137937794958365334e+00,-8.927023562274518653e-01,4.369404834783182645e-01,-8.556392397581802367e-01,9.460069538723655524e-01,-8.068875456102567734e-01,1.085385458017253946e+00,-8.150377343923441709e-01,1.048226063094271021e+00,-6.830016605939215335e-01
1.216798159041836636e+00,6.814677224797620336e-02,-5.004472242595443543e-01,9.442376099317109084e-01,-1.682559409474896794e+00,2.209068440574061931e+00,-1.767758167452831541e+00,1.877148744059598862e+00,-1.636873494307631960e+00,1.677138230945254049e+00,-1.742691228825269834e+00,1.683839223103194671e+00,-1.673507282428670528e+00
1.059813738767177993e+00,-2.872900124815035428e-01,1.248543721336436096e+00,1.769357537801311275e-01,-1.176019052916070506e-01,1.143443938682400018e+00,-9.671616263131478375e-01,9.093226921557857612e-01,-1.043236933603586492e+00,1.141069692706292882e+00,-1.155645607369669925e+00,1.192332199627350597e+00,-1.114838335930083302e+00
8.388146360680538427e-01,-6.665066472169526302e-01,1.540476575296642281e+00,-1.072753949639538185e+00,1.374132569098023948e+00,-1.050519459054282817e-01,-4.549580291913308400e-02,1.495990580164509032e-01,-2.052289237380577336e-01,5.276882696694811248e-01,-3.553159526889484443e-01,3.409634472012466611e-01,-7.126308254763507044e-01
5.758677137473922070e-01,-3.683688563446962938e-02,4.333281389507744330e-01,-3.591763769088841540e-01,1.928452908494486140e+00,-1.897055916858002844e-01,6.919411087464922838e-01,-3.282647704970872438e-01,7.205943748293153206e-01,-5.429716327817012411e-01,5.690562471376697795e-01,-2.573799357903454044e-01,5.174134644132897254e-01
2.668297675868449015e-01,4.205028159086044992e-01,2.295588878493812490e-01,2.383836933374938460e-01,1.230359884928528214e+00,-4.835484926177614495e-01,1.171450336879004128e+00,-7.565956968631841750e-01,9.707479817296168489e-01,-7.383600724762465761e-01,9.538281185552321961e-01,-6.001735312981160142e-01,1.003683447729361466e+00
-1.532035680324879690e-01,7.911113383914234465e-01,-7.249749240214946600e-01,3.769455448855430629e-02,7.544168704919611557e-01,-9.334110585554280526e-01,1.011983285054896209e+00,-9.381426220230111301e-01,1.008492222584127074e+00,-1.120362726188220304e+00,9.775222836236029389e-01,-9.967841995515620557e-01,1.045346691545534945e+00
-8.264701304400627890e-01,1.572786940494076857e+00,-5.400547009218841232e-01,9.870312673769229272e-01,2.747014332101629930e-01,-1.134584265153153249e+00,7.632816463360685422e-01,-1.230377649258013406e+00,9.517823534192070278e-01,-1.189822311059350213e+00,1.083847547421611601e+00,-1.266747882761658062e+00,1.109030248080465464e+00
-1.985300417053847077e+00,1.943168536349083153e+00,-1.405760461601601508e+00,1.515365382017991758e+00,-4.809055675095199461e-02,-1.208905322747263256e+00,6.825918243761200932e-01,-1.007822664315041861e+00,9.051559401746251954e-01,-1.289543960625638919e+00,1.245682238166375688e+00,-1.208454010880311902e+00,1.043007421145929259e+00
-1.253371923705827173e+00,-4.217711096438260254e-01,-7.517022006482898533e-02,-5.082132961327128218e-01,-1.069203718120300906e+00,2.271001666214259029e-01,-8.653711422079023441e-01,3.426802791226002398e-01,-7.339093611084459567e-01,1.484516483240102824e-01,-6.064029298113293720e-01,2.227305754776351121e-01,-3.101370999568756059e-01
2.751215477225588124e-01,-1.109649495981280598e+00,-1.287798612644291962e-01,-1.493116594570120581e+00,-7.183098603857871467e-01,7.105037873373055701e-01,-1.077036644117181252e+00,6.717213042222691666e-01,-9.907540783841187748e-01,7.065075326974008529e-01,-1.054663425831799506e+00,8.422031327930846745e-01,-1.015936008391747691e+00
1.194637283847993059e+00,-3.668990801442798544e-01,-8.286075197426580052e-01,3.226663477354043130e-01,-2.116718284341048584e+00,2.120844688554321955e+00,-1.809036497367907392e+00,1.985368663678853451e+00,-1.527055169423054304e+00,1.715845452404753058e+00,-1.596394575912500446e+00,1.804900608503107629e+00,-1.653610184367118929e+00
1.053213515786053156e+00,-1.541986010605447266e+00,3.483239647024219954e-01,-9.312216713883934016e-01,-4.250391742863895983e-01,1.180324018326108337e+00,-7.710207889832561001e-01,1.072398206394469033e+00,-1.064423495395011354e+00,1.048482522683918283e+00,-1.140129710893132087e+00,1.281833533199666642e+00,-9.715497540024808920e-01
8.350564623346774518e-01,-1.112488896341941036e+00,2.027107191859604196e+00,-2.037929941603593975e-01,1.235316429673485761e+00,-2.292284640497485940e-02,2.246150248013930872e-01,2.813300818500500955e-01,-2.946402404047233081e-01,3.628819616753566346e-01,-4.277020304287495467e-01,4.400669047752981400e-01,-5.142982562821062364e-01
5.726491598098468749e-01,-8.644392733623544878e-01,4.697189247593910322e-01,-8.198029801869826105e-01,5.658282796014257876e-01,-1.316968584953167376e+00,7.225823047288835177e-01,-2.419621265558618561e-01,6.378368289061848717e-01,-5.221861514867445209e-01,5.950713632293386235e-01,-2.959620600495603826e-01,6.453054924771651768e-01
2.625740900430893476e-01,3.961467632442249309e-01,1.452333569510482481e-01,-3.029237821515852191e-01,8.827554914563219279e-01,-8.154023018956868540e-01,1.112880401556629817e+00,-8.736291085395399003e-01,9.459154212094179615e-01,-8.252609248999235314e-01,8.664879565965541985e-01,-6.128746696889684209e-01,9.723501096729997295e-01
-1.547482810093803729e-01,6.827546404919325740e-01,-4.614041353086765218e-01,-4.645617741242880627e-01,9.146882655734026035e-02,-1.257463774211023511e+00,9.066197397713828821e-01,-1.185749820620192185e+00,8.978747222111541637e-01,-9.281316363554890092e-01,1.144940409795863312e+00,-1.039322327553003911e+00,9.543607376919158725e-01
-8.278107228964163289e-01,1.492574576701995781e+00,-6.073688599120199427e-01,1.109531111835698303e+00,4.669558379034839946e-01,-1.132037267576363249e+00,8.839757860569632530e-01,-1.012734408580602485e+00,9.214604215871553539e-01,-1.268338611560521967e+00,1.149800744247318152e+00,-9.842044331237169708e-01,1.127123998742416200e+00
-1.985629978645464977e+00,1.730596410341104452e+00,-1.268092399775813117e+00,1.607154580329839044e+00,1.528533020998074365e-01,-6.217393102860395704e-01,8.121395155032152813e-01,-1.158665384575389146e+00,1.039911897347619574e+00,-1.084157260876648321e+00,1.253056761581263334e+00,-1.165856713084803653e+00,1.057926035891621597e+00
-1.221745280823982371e+00,-1.059697090266702002e+00,-6.515196216228499315e-01,-9.552107837641312660e-01,-9.877639439683627565e-01,4.788941361375685379e-01,-8.190061812410341924e-01,4.793038306995935915e-01,-5.268145704317334088e-01,4.840511277177225735e-01,-3.515307264659884856e-01,3.035118339988986391e-01,-3.297460063730044966e-01
2.971166813920163019e-01,-9.055457106918268773e-01,1.822346016265936341e-01,-1.266081165829476829e+00,-1.153327245160942427e+00,4.540348288846188796e-01,-8.803537041642988115e-01,8.352737117962260038e-01,-9.411645402754209577e-01,8.607284510975903302e-01,-8.802268537231519030e-01,1.070005984671070776e+00,-8.170743308651691184e-01
1.215964333722544533e+00,-1.997157559863189102e-01,-5.232518646019647113e-01,8.566567537860824144e-01,-2.079487906258803420e+00,2.132924784963083908e+00,-1.724887501951696489e+00,1.766178753068047946e+00,-1.789916200280472935e+00,1.652596828776303095e+00,-1.716712240159341096e+00,1.666379951703694351e+00,-1.656445409068476815e+00
1.059220211926053645e+00,-1.048949289532228102e+00,6.178293909719920762e-01,-6.772957326965065583e-01,-4.395769266059812441e-01,1.243544834176093961e+00,-5.738862448427937135e-01,1.221697024309205126e+00,-9.706051584770388763e-01,1.265000308809973939e+00,-1.000791903902446212e+00,1.265598702950515797e+00,-1.222579325777222614e+00
8.390531968910975857e-01,-1.331776860052300782e+00,1.510376549386976297e+00,-1.124835986775853058e+00,1.096685780135205679e+00,1.214557345139572059e-01,2.349331804360816345e-01,2.807398206883327529e-01,-1.159602547016293922e-01,6.485432293323949438e-01,-1.797420325778303074e-01,6.006299851605780837e-01,-4.214447348059099374e-01
5.768408076141382512e-01,-4.188316127667576216e-01,9.096846689198853086e-01,3.964061687733679284e-01,1.350278932294463052e+00,-2.802484277764624165e-01,9.536252558059485906e-01,-6.687234865058425681e-01,6.581082419813986117e-01,-3.591867919035240386e-01,4.953179990140771927e-01,-4.487943154901452569e-01,4.626848998474728525e-01
2.678939596145432089e-01,5.942841778854887069e-01,6.853769630483590447e-01,4.441047073028542846e-01,6.807902147314809360e-01,-6.308347056002354680e-01,1.146882448910833574e+00,-8.713604330056864411e-01,9.586172923926029599e-01,-8.837944475315834270e-01,7.746393011636912851e-01,-8.237086841724808872e-01,8.846810496719064165e-01
-1.517838342874771318e-01,6.821639006010040696e-01,-2.936824734136609383e-01,-2.941752175386758150e-01,-6.750875595614068414e-02,-1.126466636299943591e+00,1.038717741148884821e+00,-1.344993525854826899e+00,9.571348243220716423e-01,-1.081331720699276078e+00,9.273035275127868848e-01,-8.393927879128736391e-01,1.208257241442838748e+00
-8.254325106497337750e-01,1.067843460201772121e+00,-7.041940191992006604e-01,5.327034644700320287e-01,1.918976188418496376e-01,-5.864854870806176512e-01,1.231408642664637565e+00,-9.061796227139715665e-01,1.207984624454142120e+00,-9.420431061751739499e-01,1.217435047325695407e+00,-9.592464320848370640e-01,1.274913225514684889e+00
-1.982757818865434229e+00,1.504097766964967553e+00,-9.887349996498420168e-01,1.050256039033105271e+00,-6.574201898213163364e-01,-9.138901673359496325e-01,9.690387899072462341e-01,-8.715020815646841168e-01,1.240424330456431079e+00,-9.940006876338302044e-01,1.238456563948046485e+00,-1.237153810277286325e+00,1.270591621076076372e+00
-1.250144532468812075e+00,-6.139351796173835307e-01,-7.996358133667615942e-01,-8.510794723683287044e-01,-4.163868267798844780e-01,3.831078063070062489e-01,-1.130965801449872243e+00,3.588821659930173102e-01,-4.967369594043214431e-01,3.868517828425012683e-01,-5.009162323131107764e-01,3.466587818193719861e-01,-9.395618027656758853e-02
2.756630512736632510e-01,-1.041296520935200309e+00,-1.349940396571261081e+00,-2.141783031400110726e+00,-2.952376499233334006e-01,6.736685251839582556e-01,-1.173279892113005651e+00,6.289810176298330502e-01,-7.884389909833094956e-01,1.069306661215780441e+00,-1.037659620353000856e+00,7.906221399709800757e-01,-6.027460259751193927e-01
1.194256955587881253e+00,4.276788176089902360e-01,-2.035749104762698103e+00,1.968919153724042193e-01,-2.878796522633847998e-01,3.087973521789454612e+00,-2.026299233072233363e+00,1.672471115742427239e+00,-1.537623572538482586e+00,1.897020031518937389e+00,-1.752257298701229704e+00,1.542507731123785586e+00,-1.556497223756619031e+00
1.052558451975373233e+00,-1.656548813830311939e+00,-1.351806329262458917e+00,-1.448984513010006969e+00,2.567807023530909727e-01,7.814724471435843256e-01,-1.131672801151686780e+00,1.294480763651032484e+00,-7.519650916027832421e-01,1.586106628568590304e+00,-8.150409605541147906e-01,1.204170545959714955e+00,-1.097252702727754547e+00
8.334456632301795453e-01,-5.549093388486709966e-01,1.420583245668370687e+00,-1.070127442501177750e+00,2.138555024403639315e+00,4.376434003237357206e-01,-2.344983167086436560e-01,-6.730926816243083810e-02,-2.287606910328459364e-01,4.073756286188017772e-01,-5.326112048555706746e-01,4.093724351399312678e-01,-5.989008328047898955e-01
5.721620979480166458e-01,-1.786766120547563230e-01,3.914217396098390034e-01,-4.905386599342090870e-01,1.656238650427445114e+00,-5.946960793184912220e-01,4.281555521453429547e-01,-8.217539126825281759e-01,4.671100529370604271e-01,-5.335076199471943115e-01,4.156756044388741356e-01,-6.190060585956141948e-01,4.916983395307188975e-01
2.640928176279346284e-01,8.698773742257009944e-01,5.348041007425629045e-01,4.751572700892059409e-01,1.345418103772843876e+00,-1.001367447658530585e+00,6.759548004042791325e-01,-8.990933631482836974e-01,9.158742088998281794e-01,-9.731571542630721439e-01,9.074622642803954475e-01,-6.923641762192636051e-01,7.383121051474232921e-01
-1.517731478843572790e-01,4.446681032258005817e-01,-1.085667610047549081e+00,-2.959725808162707028e-01,9.125189174910550705e-01,-6.571569552415569282e-01,1.041476520036025644e+00,-9.238686801104344370e-01,1.166019780755953361e+00,-9.136776065256970725e-01,1.179123893252327138e+00,-7.771828047642567183e-01,1.145786847282652898e+00
-8.227963328292586809e-01,1.966759528476154317e+00,-3.205406957673973545e-01,1.234465795989731607e+00,5.623018302884976727e-01,-8.281417861030002658e-01,1.002695739888571858e+00,-1.124506140852991942e+00,1.158820899212094524e+00,-1.066730340687502387e+00,9.448565404164364079e-01,-1.095621312289182026e+00,1.224942412449600670e+00
-1.979737546930320669e+00,1.907335837458733030e+00,-1.622745654105925528e+00,9.286906686828385604e-01,3.808706831237558266e-01,-3.103837062307041594e-01,9.331160858798459579e-01,-1.019554750948316268e+00,1.106641810147914518e+00,-1.197788254711680489e+00,1.095074118183817058e+00,-1.350333397218624887e+00,1.082221498214089639e+00
-1.221223317053667268e+00,-3.809845093021830276e-01,1.440533953779116472e-01,-1.553879546700517519e-02,-7.380547787553176642e-01,3.593643098139097658e-01,-6.862319183705594128e-01,4.769254503060011974e-01,-6.938698460563617054e-01,3.367358739414307855e-01,-4.998184072625798668e-01,1.979216989461188569e-01,-3.624115859480445123e-01
2.954915381128264129e-01,-7.933732864780117522e-01,5.290894701152512036e-01,-4.831093362909418820e-01,-4.188492038369884263e-01,7.212286016255099463e-01,-8.869442511794303208e-01,9.178168927174795710e-01,-9.668457145458807522e-01,8.305253442426290267e-01,-9.721239633214667775e-01,8.563701205864362453e-01,-8.835649886470838821e-01
1.215059725607038565e+00,1.274363743394550941e-01,1.567136394224128981e-01,1.952149934048567959e+00,-1.418243514346149592e+00,2.437600400106974430e+00,-1.606555041246362725e+00,1.921538434249210114e+00,-1.748450476999262815e+00,1.579951632671959594e+00,-1.703541025323725089e+00,1.650519751892577824e+00,-1.856373189425280179e+00
1.058320684194866246e+00,-1.354291949070500101e+00,6.751692775793918244e-01,-1.563206303435645678e-02,-2.324319778838364672e-02,8.202004277836262292e-01,-1.114828868314549526e+00,9.188784012086241848e-01,-1.033489164108154501e+00,1.235048133407801174e+00,-1.044766028036755889e+00,1.058878670720729165e+00,-1.300973880998384846e+00
8.381047708738317281e-01,-1.047408223161929275e+00,1.779962350355503764e+00,-7.368438064263620468e-01,1.042667410422888796e+00,-1.955818993181577536e-01,7.208696465658812058e-02,1.828545442744136384e-01,-3.650754551416497407e-01,3.873658274209996755e-01,-4.335922554505173276e-01,4.056789604939233240e-01,-3.664430649449934574e-01
5.774776796543811264e-01,-1.030976659000099049e+00,2.302606565747847556e-01,-9.078560921513508797e-01,6.014840801028258355e-01,-1.120477335823501841e+00,6.537769984345594976e-01,-5.367082429133129828e-01,5.582812293408769833e-01,-3.638342962518547052e-01,6.298264763544638711e-01,-3.246140182759699178e-01,7.572514439923656582e-01
2.687628797486228960e-01,4.292758849436872359e-01,6.372510305616847504e-01,6.823901895579395083e-01,9.459439354935681443e-01,-9.428410960676131269e-01,9.351160123584278949e-01,-9.104742981194208218e-01,1.142610109547838260e+00,-6.670300320077252598e-01,9.393826500091859710e-01,-6.081825681308331566e-01,9.074772590181777732e-01
-1.499396838987964997e-01,3.926347298650053608e-01,-6.816517415781335743e-01,-1.462327304202235556e-01,-7.907997712509697019e-03,-1.341090824288560635e+00,1.069228990036285909e+00,-9.943165019992069587e-01,9.169331834493841260e-01,-1.089216365717022628e+00,1.160654679075106444e+00,-9.131450690814855164e-01,1.071980701828205040e+00
-8.235232723532009969e-01,1.871738677421363350e+00,-2.566671998071500815e-01,1.511439659629103094e+00,1.997423650114338034e-01,-9.334828737085750783e-01,1.205989218204945868e+00,-9.863549948150377444e-01,1.193311485039652009e+00,-9.697614936670636565e-01,1.120170618892793346e+00,-1.282265183419876164e+00,1.034161527211635345e+00
-1.978285436899218652e+00,1.580548618384278736e+00,-1.882363835863892776e+00,1.117163218946480630e+00,-6.036254277333179263e-02,-7.409099174073024985e-01,8.251238562275152733e-01,-9.328889448113709681e-01,1.173325611265376267e+00,-1.271333894441303736e+00,1.125718419714396346e+00,-1.180868410754530640e+00,1.232403059865532668e+00
-1.247956118907902257e+00,-6.334235928025325757e-01,-2.364499172712404840e-01,-9.222236470216326198e-01,-9.802484542027766201e-01,5.361576319129072177e-01,-5.454234609716182014e-01,5.813120659302515314e-01,-6.312085913589433606e-01,4.586677258282135239e-01,-3.722702245728297665e-01,3.218042146358053301e-01,-1.722515788456552566e-01
2.769970732652878853e-01,-1.297773585957059606e+00,3.255690345914555306e-02,-1.170046774289364544e+00,-1.275390787399738546e+00,-6.272384391434190909e-02,-1.149671062650417186e+00,6.191047599579330152e-01,-1.136649858613518749e+00,7.689645567650925662e-01,-8.735184217508661364e-01,9.322170331432816370e-01,-8.298116927610785787e-01
1.195372747340536224e+00,4.742265857708128363e-01,1.942475913543896815e-01,1.653206466242293393e+00,-1.620625297485545291e+00,2.136259845852911177e+00,-1.829414408955577720e+00,1.767900248312963329e+00,-1.920651102376902841e+00,1.455302355927892144e+00,-1.738372526241799054e+00,1.636580427818080663e+00,-1.803730055222067863e+00
1.054259372625730995e+00,-5.405642865919975115e-01,1.632047820873513411e+00,6.260210166338110449e-01,-1.601435292288523257e-02,1.159955953240274784e+00,-7.530380732788490850e-01,1.077672734644226749e+00,-1.071026766871981728e+00,1.147084103187653525e+00,-1.241358385922597396e+00,9.300820032293665163e-01,-1.304412704530404588e+00
8.347550608069560507e-01,-6.742834369533439176e-01,2.457249624325351878e+00,-1.095369620926697485e-01,1.555682798592614713e+00,3.703428566781163389e-01,3.269527489668997422e-01,2.098315291862725140e-01,-1.966238455562305532e-01,4.516587614808321161e-01,-4.940103113338851770e-01,4.964637054863642041e-01,-5.330922914822043834e-01
5.718228187700168386e-01,-9.388993267355887351e-01,5.062479969880343544e-01,-7.836584192329072440e-01,1.173622635549410598e+00,-3.200611971727494037e-02,9.982567043114919381e-01,-5.697539580677835752e-02,9.707998088401134096e-01,-3.307826421138839179e-01,6.617157098171423391e-01,-2.756887875292728940e-01,3.429884549308348518e-01
2.632052977830711682e-01,7.419722924320434343e-01,3.186238086360388411e-01,-5.068381748928224573e-02,9.715550064948433873e-01,-8.246746531370534594e-01,1.009787223714078142e+00,-8.361542258176649645e-01,9.406176859277965985e-01,-7.958923420676112803e-01,8.953960258994814181e-01,-8.758409387714163330e-01,6.700048129079704262e-01
-1.517622111176182009e-01,1.048233591457287561e+00,4.804617453736929888e-02,-1.124975356303605095e-01,3.515679688222556609e-01,-4.387493201763697503e-01,1.074989117841966157e+00,-1.081811457966673551e+00,1.128949138667504792e+00,-9.506550783724476705e-01,1.130581100068344558e+00,-9.383940249902640307e-01,9.945532238388210544e-01
-8.212433847529344577e-01,1.654333960465914410e+00,-7.066383181163800042e-01,5.208061372388772536e-01,2.231336199931807096e-01,-7.422290042239404473e-01,8.601678715596504654e-01,-1.083094643511059108e+00,1.136622379876595090e+00,-1.131622060654731809e+00,1.080857240011608544e+00,-1.159089097370162413e+00,1.145835062325609055e+00
-1.975677862252897210e+00,1.558202502048795068e+00,-1.529257232748779893e+00,1.291133326056040698e+00,-9.810699995599002354e-02,-8.870258816070668573e-01,5.529602654613015034e-01,-1.325889474913172883e+00,9.818699538015156492e-01,-1.177741212667304582e+00,1.101217682117720198e+00,-1.100019283086246968e+00,1.441129197768217907e+00
-1.220143905301179110e+00,-8.614238438437056278e-01,-4.414996891207349505e-01,-1.065339481368438479e+00,-1.226324446714957883e+00,1.677207223329308938e-01,-9.103294408931990045e-01,2.621012487386765732e-01,-6.672383882210897177e-01,4.334157725336780231e-01,-3.859286694415340890e-01,3.729637649807368005e-01,-2.620464314134427486e-01
2.983731887523301540e-01,-1.133847727367683467e+00,5.845145235189445898e-02,-1.151918635685515557e+00,-8.998451317180473641e-01,3.617419083194992613e-01,-1.018152048995623726e+00,9.270927190966361531e-01,-8.885193393438607368e-01,9.688883184105808732e-01,-8.172349829809909538e-01,1.044569773669999924e+00,-7.458975748873888367e-01
1.217173267067517051e+00,-7.169550126855859240e-01,-9.278657591059650267e-01,4.917421603373419159e-01,-2.020501870552076973e+00,1.762011237237475880e+00,-1.934529795190088164e+00,1.954397236726082010e+00,-1.590282467195449634e+00,1.892913679511305070e+00,-1.375516448674771741e+00,1.930099934367862646e+00,-1.527367674498586458e+00
1.060885245130466448e+00,-7.580656085264890764e-01,6.823735980724945360e-01,-1.222991428055925978e+00,-8.494846287548608599e-01,5.197368765057334139e-01,-1.106471105769738061e+00,9.723708950947658192e-01,-1.081626093401174105e+00,1.133515977447772993e+00,-1.033923285297182026e+00,1.378888874679263576e+00,-1.025693721163077221e+00
8.398715311903508507e-01,-1.031992002368122385e+00,1.800807441804378906e+00,-1.125747629386275150e+00,9.983174153921655636e-01,-4.850399371757659339e-01,-7.549552665930739370e-02,1.437922960616520862e-01,-4.574942171904132215e-01,3.461114458911282998e-01,-4.987157186651458574e-01,2.104504492604860055e-01,-5.476545841300183293e-01
5.789261734491845113e-01,-1.798636963655334819e-01,4.152450321796664068e-01,-7.255104803653308343e-01,9.370213490435788106e-01,-9.291946964312164381e-01,5.326931307748462574e-01,-6.210609054644737892e-01,5.536438919264374814e-01,-5.510510660222733836e-01,4.206016107089805001e-01,-5.819260627111252360e-01,3.632754212814509609e-01
2.685021339305483923e-01,9.986037223578395072e-02,-6.110432530339796053e-02,-3.931827470157247539e-01,8.091136462861742151e-01,-9.402725511361407218e-01,1.013189542790082331e+00,-7.559059853463809819e-01,9.642096611874939605e-01,-8.206416752989758034e-01,8.398986991686748782e-01,-8.470996659316926136e-01,7.555469230706671757e-01
-1.473205233208179643e-01,7.118106626013025462e-01,-6.115473102065965838e-01,-5.693042639904311031e-01,-1.440654400548769809e-01,-1.029676212707302030e+00,1.128223511969710824e+00,-1.081050738239246245e+00,9.433220932846158036e-01,-1.053015272403002855e+00,1.009871498151420965e+00,-1.073396974312526897e+00,8.699736652286593763e-01
-8.174711738186547505e-01,8.347306035283832415e-01,-9.324513270561382017e-01,1.264795706821242094e+00,3.445706608917750713e-01,-7.743875981244611184e-01,1.094955266558526930e+00,-1.116003050002396968e+00,1.100095708101513470e+00,-1.092494187408479034e+00,1.116066760274670999e+00,-1.167807251632908994e+00,1.266899048225160973e+00
-1.970506699419482866e+00,1.431342209830543055e+00,-1.600505627576043421e+00,1.690851790948818323e+00,3.619482871327752704e-01,-5.070316171871974698e-01,9.890795187300948088e-01,-1.160833057268725765e+00,1.026402092599201676e+00,-1.081353406911960136e+00,1.226018618247594727e+00,-1.263931267705579398e+00,1.266676298584209936e+00
-1.247638727950114435e+00,-3.070657686620890114e-01,2.665416593586156235e-01,-1.176859627530322666e-01,-7.125684462065394742e-01,3.769457044183673888e-01,-8.233689534754268236e-01,2.256917808878608489e-01,-8.763879811497833350e-01,2.210116662768825124e-01,-5.551121002963154138e-01,1.046295657384263139e-01,-4.512627186664197043e-01
2.761632982103260359e-01,-6.900089696355944380e-01,6.885586789066462376e-01,-4.755013792366569736e-01,-4.821444305903532790e-01,5.065777865579349504e-01,-1.094737011860797971e+00,7.134493622138933233e-01,-1.006791075884132525e+00,8.171949536004257109e-01,-9.585344671617908041e-01,7.565250760685215958e-01,-9.840843593225407915e-01
1.194881134910137366e+00,-2.733313677210600368e-01,-1.522616124667597881e-01,1.127916841899939460e+00,-2.000548265932882597e+00,2.421234590869510761e+00,-1.521813682387800348e+00,1.955179050141531150e+00,-1.641973912450395146e+00,1.772266379630439426e+00,-1.626199700629485490e+00,1.657985072780146396e+00,-1.782680660666245753e+00
1.052343836065980698e+00,-5.556381684509259511e-01,1.750684075680338125e+00,5.977504429455550161e-01,-4.172384219032795882e-01,7.368386173449334997e-01,-8.908643206268893611e-01,8.471017988972608936e-01,-1.221476818192263059e+00,1.037149703778360577e+00,-1.144561548150564212e+00,1.103821601624436211e+00,-1.341507351450662355e+00
8.317414295785008349e-01,-2.201273808818589306e-01,2.607637209620826901e+00,3.234822659532374245e-01,1.660986884692282839e+00,-3.129654406381711662e-01,6.984391449319926615e-02,1.740122320971220493e-01,-4.790358580165359204e-01,2.214441686094312245e-01,-6.616839226913443506e-01,1.024507170382314286e-01,-7.892221978321640741e-01
5.725416909191949344e-01,2.351031382513549262e-01,1.519585413650962114e+00,-1.100853120862757828e-01,1.083340044046121831e+00,-3.460210228129543264e-01,6.140837242786658656e-01,-7.685915457866536737e-01,4.489230194939186624e-01,-7.163509029481635038e-01,2.195129240630688539e-01,-7.961563270549172344e-01,2.727742947114601413e-01
2.645324533742553497e-01,6.063947545240413461e-01,6.312090294344488983e-01,3.157141760891757354e-02,8.112462719474226036e-01,-8.232512570921778350e-01,8.965175163279125448e-01,-9.165705116814985010e-01,9.668705151250733820e-01,-8.778233896649713097e-01,8.521311802279478709e-01,-7.558492980348469059e-01,8.698400995151159831e-01
-1.501355899545680495e-01,6.978153304465681828e-01,-3.337425121069240719e-01,3.747598225288573115e-01,8.481580237898956875e-01,-9.256779149470711898e-01,1.032819600738515309e+00,-1.092712782843066277e+00,8.853842604172251773e-01,-1.099118492257654456e+00,1.164697139992749264e+00,-1.028399135939975340e+00,8.294149685195706390e-01
-8.189894840125926390e-01,1.367939160753020023e+00,-6.863408118673042235e-01,7.299309167622516359e-01,1.007668991435557299e-01,-1.062657779998858354e+00,8.273130844304785736e-01,-1.238646512780505304e+00,8.707627746231988430e-01,-1.170687786708537237e+00,1.147705334738284400e+00,-1.234512626084599329e+00,1.029001051494189189e+00
-1.971116421012387931e+00,1.205737655036632994e+00,-1.721640244713124490e+00,1.179806179993238668e+00,-4.275079284505147077e-03,-8.167881255801240359e-01,8.549795601589358363e-01,-1.001597034008746334e+00,1.120205580363450082e+00,-1.062390850593432079e+00,1.129526973920398580e+00,-1.230434314222650816e+00,1.217602591158135183e+00
-1.218908757220746653e+00,-7.494074427999810606e-01,-4.032135338378217138e-01,-1.092698023796396578e+00,-1.349790744740134052e+00,-3.703346511931722429e-02,-9.761553693244567897e-01,2.450947885387781411e-01,-7.874044762491526628e-01,3.200051226665960868e-01,-4.895040491881147426e-01,2.447521311118557863e-01,-1.831596572033120651e-01
2.994727336242773985e-01,-7.299073859394951125e-01,3.090076698566841529e-01,-1.307932231965067027e+00,-1.292755949632444556e+00,8.249461510432162803e-02,-1.040451050071746320e+00,7.766666256125512868e-01,-1.093859902368843784e+00,7.159695549518000357e-01,-1.085015255567836956e+00,7.911123683901171155e-01,-9.593151684765899301e-01
1.217263702839019412e+00,-4.588305829733484997e-01,-6.170421672559085469e-01,1.002830614791694108e+00,-2.161409677070420088e+00,1.585961249194918654e+00,-1.841150633307923279e+00,1.651691249804719153e+00,-1.965101684320780695e+00,1.571501362058109086e+00,-1.809674732888803206e+00,1.452593866409365386e+00,-1.762930320507702486e+00
1.059493560697624570e+00,-1.512965906647753433e+00,1.332690109471369455e-01,-8.147978029841432823e-01,-2.370555166436723038e-01,8.713406143184226904e-01,-8.618095709833379914e-01,1.265310861918902408e+00,-1.144326533609088870e+00,8.532368757763308942e-01,-1.198246480354185239e+00,1.176251713649579145e+00,-1.161603290754690265e+00
8.401204419386897326e-01,-1.647937333412852645e+00,1.164480957170662689e+00,-7.741050121398278527e-01,1.224805451972181158e+00,-6.774806620850812137e-03,3.421777961980905780e-01,5.374025088229902325e-01,-2.907698642861908933e-01,2.458823392103345329e-01,-4.665071214193638460e-01,5.067330130990241877e-01,-3.901589143685043615e-01
5.783802417055492473e-01,-3.724695114226381915e-02,8.431676853028113872e-01,-6.799164180202805774e-01,9.799034288469754550e-01,-8.270665861078351222e-01,5.079055776751395523e-01,-5.465091204558782945e-01,3.482623618673374444e-01,-8.384344157024453681e-01,2.538414487851800572e-01,-5.804620578443694390e-01,5.743740162875857758e-01
-2.217436915373884043e-01,5.727031513331355406e-01,-2.726574546873513638e-01,6.894733453182182448e-01,-5.388441692256045606e-02,-4.859384851393968585e-01,6.004602473312921074e-01,-6.621957195606412716e-01,7.959648329963716629e-01,-8.282361266428720503e-01,6.262763770458339430e-01,-9.623548155741319388e-01,5.411315413426591725e-01
