-8.146759313784124323e-01,-8.234244643528406682e-01,-1.695248036763649324e+00,3.891875563077022093e+00,1.279720779012633036e-01,3.884404824308629878e-01,1.175722620665212270e+00,-6.549094434170903423e-01,1.067780585902909696e+00,-1.104261453987782859e+00,1.213878114381793161e+00,-1.167064588412920267e+00,1.126765024174583463e+00
-1.976641885632866913e+00,1.410641633531479311e+00,-1.357867292588978980e+00,1.208803347021658370e+00,-3.690796624187032970e-02,-3.393322427131149621e-01,1.182380624346028197e+00,-8.360505425647708488e-01,1.220346640788497972e+00,-1.071892272926694423e+00,1.310010849816372058e+00,-1.061292096407901564e+00,1.448790825326036646e+00
-1.255363777785886148e+00,-5.339867280666080740e-01,4.630160625464669333e-01,6.170716735211700943e-02,-7.998183926158276558e-01,5.172840124882540636e-01,-5.322076909143350631e-01,5.196772881077508233e-01,-6.711211881345384711e-01,3.128137151615272282e-01,-5.814614849379722283e-01,1.845932189031987969e-01,-2.499421330430743604e-01
2.729648274485272363e-01,-9.492977226582482997e-01,6.966101289116860551e-01,-4.809065974481071537e-01,-1.025612342303434232e+00,2.552798652479574826e-01,-7.703050904188544212e-01,8.546276516152980784e-01,-1.151470260674286816e+00,6.858433036577945563e-01,-9.308944963210420420e-01,1.001673226492101110e+00,-7.183323908983161310e-01
1.195063509746264296e+00,-2.001760514438600397e-02,-2.558150424319235311e-02,1.220799805196820298e+00,-1.617841715870603991e+00,2.324188081054570088e+00,-1.732572761758612190e+00,1.598080838285623972e+00,-1.926777461836377991e+00,1.495606395286187995e+00,-1.771872800656930202e+00,1.631533708050023401e+00,-1.854903925707235057e+00
1.054285350903677809e+00,-7.815415188885643794e-01,1.016499831834648315e+00,4.090092305606836121e-01,3.645554215619253163e-02,1.043256759298984759e+00,-6.822540262157894553e-01,1.430525086563852355e+00,-1.046609541982479463e+00,1.070064884285389262e+00,-9.987733411799563088e-01,1.191523952737459924e+00,-1.268624451046016954e+00
8.351066929186652388e-01,-1.070595850795973636e+00,2.054774900940790960e+00,-2.585452847995640124e-01,1.096834267353463233e+00,1.406107037999268228e-01,4.073535938775993959e-01,9.731819257232299236e-02,-4.191830847613576272e-01,5.140843615700998459e-01,-3.278729747683521434e-01,4.044886727843274854e-01,-6.155565915393441667e-01
5.731974609312544544e-01,1.365555606865417708e-02,1.518783393494848699e+00,1.138834540074548318e+00,1.711011149890335981e+00,-7.351553706407024102e-02,1.054089332469388296e+00,-6.722093569032212557e-01,5.178754783664757388e-01,-3.757831654822789691e-01,5.451706870879443612e-01,-3.804166412613093629e-01,5.273004002406199708e-01
2.625038939520089043e-01,5.033356265379124173e-01,4.243331527197637398e-01,2.115527229961161604e-01,7.513289455908235270e-01,-1.125847441900489798e+00,9.646470657700927376e-01,-8.808542929923293130e-01,8.887876800224490115e-01,-9.165234479909858401e-01,8.700832904929455269e-01,-6.730104853130965958e-01,8.426281984083979770e-01
-1.535549317031382477e-01,1.273509379382758988e+00,2.006872789370300891e-01,9.407581579133327265e-01,9.229821066136739693e-01,-8.876027535038896188e-01,1.034984730875438297e+00,-9.669216607723093437e-01,9.561113917761496772e-01,-1.213855280727651254e+00,1.020722482866961656e+00,-9.349434731251561326e-01,1.056186622975157974e+00
-8.257005789073130764e-01,1.012528105127546096e+00,-2.974417397035064581e-01,1.288950224369883601e+00,5.900811805919073949e-01,-7.702888543940086263e-01,9.059937343613587712e-01,-1.051504291588458484e+00,8.405810303642501369e-01,-1.505561621965495478e+00,9.872337586546030552e-01,-1.255106002603986637e+00,9.707638151476218891e-01
-1.978023513294998148e+00,1.813350177466405810e+00,-1.073925444310039001e+00,1.377944151831229425e+00,8.408619888177676360e-02,-8.591860988821686806e-01,6.883013266250268547e-01,-1.248121988186970732e+00,8.190301210355099837e-01,-1.181472642612873880e+00,1.263884103522018520e+00,-1.328486939009503764e+00,1.148569803473874495e+00
-1.223914989533592124e+00,-9.653767239344686057e-01,-1.024768685051005851e-01,-8.686337083345301302e-01,-1.582900608427126432e+00,6.639411879630036095e-02,-7.441210175677596128e-01,3.684806942381788075e-01,-7.609994069560558350e-01,2.824456815469291726e-01,-4.418433272273953327e-01,2.669624340743267932e-01,-3.500246637680812789e-01
2.965106640462120136e-01,-1.073809126972392169e+00,2.898438919124359803e-01,-1.337136360017750381e+00,-1.125669056059396489e+00,4.781392694119002695e-01,-9.927042238291098331e-01,7.266381949332542112e-01,-1.119442879907816879e+00,7.099301435873951460e-01,-9.212303461723280185e-01,8.707883784163819030e-01,-1.007891666125451557e+00
1.217736417092025958e+00,-5.380873292162765553e-01,-4.722765115378094181e-01,5.654083254265355185e-01,-2.220836368474141675e+00,1.611614380265652180e+00,-2.003636917960167185e+00,1.688886160803544811e+00,-1.721429558041965402e+00,1.558532434101485453e+00,-1.833421117198291261e+00,1.668432628339453050e+00,-1.774819831299375039e+00
1.059463759299204222e+00,-1.611417047575514738e+00,3.133497483601959122e-01,-6.324027766478641510e-01,-6.516859789914503098e-01,6.070354551723978753e-01,-9.849699723335009205e-01,9.793771050474601170e-01,-1.118735613145651397e+00,1.097761863223333467e+00,-1.065512103283826839e+00,1.270597894190149901e+00,-1.121164041144983692e+00
8.382999795894842121e-01,-1.370653615963660643e+00,1.567152582741863087e+00,-6.611480516666982110e-01,1.205701839060126179e+00,-1.039575306773315305e-01,1.959556026298480413e-01,5.092085077925507797e-01,-1.222231192102308656e-01,4.827220981442644221e-01,-3.988412261362249134e-01,4.246007419797809268e-01,-3.749823282858382179e-01
5.764730095431940260e-01,-3.830567039621761150e-01,9.127728737531917158e-01,-4.566410373857784366e-01,8.882133603885089546e-01,-3.429862827200376718e-01,7.803467938703418927e-01,-5.686050343614158509e-01,6.681058600200678876e-01,-3.883337269384786183e-01,5.525193535101392550e-01,-4.599121749445447271e-01,4.578025481576653011e-01
2.671947755861594498e-01,8.859340954741203866e-01,8.170255043559755403e-01,4.770539436115873166e-01,1.004216641171632896e+00,-9.905165583939031793e-01,8.695893562148981903e-01,-1.008389871343589927e+00,7.995612975008937751e-01,-8.998968980238161164e-01,7.354768832028233394e-01,-9.729056672103035819e-01,7.479540186030085858e-01
-1.494280496704243621e-01,3.235732889095854214e-01,-5.391570448667599713e-01,2.734320929490189345e-01,7.041890016725357304e-01,-1.041802128308038089e+00,9.124218712832367073e-01,-1.001554419693527098e+00,1.032479360515679012e+00,-9.784215012056739491e-01,1.046073249372750702e+00,-9.781182144347531082e-01,1.016084967370110226e+00
-8.237804055472603970e-01,1.374329222007611540e+00,-4.431076220036586077e-01,9.931022518158291179e-01,4.736338910739795183e-01,-5.614823557158215017e-01,1.013120395466334811e+00,-1.102660520799322974e+00,1.170124787450549375e+00,-1.151030596816609464e+00,9.603467273045819264e-01,-1.132785771510798956e+00,1.163725037933159623e+00
-1.979590998910254696e+00,1.203832251866530312e+00,-1.200184077468000154e+00,1.472838418360937318e+00,-2.393715809850383847e-01,-8.609166757494620681e-01,1.143381653176167800e+00,-9.216973470710605465e-01,1.233845902981316911e+00,-9.740588381909583982e-01,1.241232998258502196e+00,-1.184420142923404917e+00,1.354950113323087679e+00
-1.254992458605478811e+00,-8.076202260208962258e-01,-1.057228009704727079e-01,-7.385208350690878332e-01,-1.035699781561048471e+00,6.742964035389874544e-01,-5.827872393357961256e-01,4.231570061258114746e-01,-6.169714249234343750e-01,5.088843335358598230e-01,-4.145871281940216591e-01,2.430178022804250770e-01,-1.355985490403904259e-01
2.746887256723851145e-01,-1.362741139642005939e+00,2.592689292637708753e-01,-7.402381679680762883e-01,-1.165176480207509746e+00,3.045489866017454528e-01,-9.238780341883943148e-01,7.896361478508610032e-01,-9.880440297626726931e-01,7.534636704350481384e-01,-8.816277047347931273e-01,1.010519862962201421e+00,-8.818014940758976961e-01
1.195649781224638497e+00,4.924772909657162273e-02,2.167793429185930487e-01,1.347147213476543648e+00,-1.647934178336624145e+00,2.425406892665006087e+00,-1.659744136564084149e+00,1.834971832747972931e+00,-1.773638900807463559e+00,1.684705772927604484e+00,-1.708860793800767164e+00,1.466474088265360853e+00,-1.813930835471837311e+00
1.054479628381799650e+00,-1.064895383248471550e+00,9.071277847729997124e-01,-1.369963246590537587e-01,-1.215967596026793635e-01,9.460583808758422641e-01,-9.616141474154346058e-01,1.087106424761105972e+00,-1.068453956733286914e+00,1.016698962982203858e+00,-1.318824201802468510e+00,9.701189365573044121e-01,-1.380941073534520447e+00
8.349397659799150384e-01,-1.355671161716662132e+00,1.699151749573762915e+00,-3.937508887111124123e-01,1.486326154118993603e+00,3.004224887264951294e-01,2.387651804004168044e-01,4.543807945385797686e-01,-6.759343325320286977e-02,4.945522443993119466e-01,-4.232542431537058003e-01,4.145560633515371629e-01,-5.806613794359887226e-01
5.727584272631385254e-01,-7.214206122192902138e-01,4.186853736061000308e-01,-1.166695071017385787e+00,4.406717245530726856e-01,-7.467666965809315327e-01,8.304067180436323081e-01,-3.629424374513374740e-01,7.345615703773223926e-01,-4.249988689813721798e-01,6.675902766816496081e-01,-2.666845146354244189e-01,6.681169406276226130e-01
2.642478524424745623e-01,8.016102987070943264e-01,7.791044524259376214e-01,3.428935397022551679e-01,1.104136368819178760e+00,-3.372439600214859889e-01,1.083256757404893245e+00,-1.013373111314882724e+00,9.173993660997210586e-01,-7.883796895053100107e-01,7.326948240367078258e-01,-1.009836896383696336e+00,6.825868085675362851e-01
-1.504322047543545093e-01,7.562675510352108166e-01,-3.474868174923060882e-01,6.264790683467401367e-02,4.579946538215197704e-01,-1.282902863129067539e+00,7.649294130316814933e-01,-1.204824969015153568e+00,1.032053237502365661e+00,-1.112802000372111744e+00,7.436666834528083969e-01,-1.173002707421601842e+00,9.118064171692058517e-01
-8.224405253191068299e-01,1.603146452744555583e+00,-3.118858953086453556e-01,4.159104732134759064e-01,2.117950800536851919e-01,-5.101967776955498302e-01,9.115808811946394252e-01,-1.409458479497419203e+00,9.160165425058431898e-01,-1.090299393918890747e+00,9.694323567630375171e-01,-1.396159325280025953e+00,8.536119087588139864e-01
-1.974606641088369585e+00,1.132089986623404876e+00,-1.130630165647317664e+00,1.233062010898958727e+00,-2.034793272104768735e-01,-7.828335831938413314e-01,8.339212725384683722e-01,-1.192842700529409772e+00,1.039065605174318119e+00,-1.023882312393032290e+00,1.284076173419384403e+00,-1.146988314971172596e+00,1.269962288053690491e+00
-1.221325901539232595e+00,-8.288790344455472248e-01,-1.037129354741309246e-02,-2.387883941136567933e-01,-1.055978727749393720e+00,4.007956357767614719e-01,-5.715850724104508673e-01,5.079995146800184713e-01,-6.139752685627213324e-01,3.250956901901898566e-01,-6.480392733477637890e-01,7.459864780161798437e-02,-4.246500991534945535e-01
2.968029850232049016e-01,-9.157023476877321766e-01,5.943896702896794837e-01,-7.049589625096326362e-01,-9.047137676745685697e-01,6.815653266577007541e-01,-8.058993115970287668e-01,7.394819718318985657e-01,-1.022224319091448397e+00,9.768241796793494247e-01,-7.812834678600526495e-01,1.001778798393036851e+00,-7.856125554220709795e-01
1.217051542148206211e+00,-2.760379396620044612e-01,1.977028901893844171e-01,1.318673326017387515e+00,-1.604016022051552692e+00,2.745522129076798823e+00,-1.169790879396692240e+00,2.160205962828539050e+00,-1.636674051993262990e+00,1.751205379815597762e+00,-1.606598329389040014e+00,1.698256060277277157e+00,-1.750718454385710610e+00
1.058852297350476812e+00,-1.155741069955098732e+00,1.145859754869866354e+00,1.723258787098255751e-01,6.105790281034873673e-02,1.457876717561495283e+00,-7.037131448787579124e-01,1.396562462060313647e+00,-7.034602333137678354e-01,1.404849867335294933e+00,-1.049586412450285167e+00,1.169965663745572648e+00,-1.044919406624834624e+00
8.384041267077728676e-01,-9.342283296914392077e-01,2.189573404295463988e+00,-2.608098066295824746e-01,1.318768848416656425e+00,2.900808924976902015e-01,2.168686506328251218e-01,2.940617427335424638e-01,-2.670588230630418503e-01,3.473472334951899221e-01,-4.735522313697318464e-01,2.577744572912635257e-01,-7.298771967158432794e-01
5.770929921113358008e-01,-4.518233198591979916e-01,9.056104108379324780e-01,-9.044153226600454287e-02,1.146801261094705149e+00,-6.281612768071103137e-01,4.996059880097937222e-01,-7.638942314753027762e-01,4.451390501552333068e-01,-5.747404280115855357e-01,6.496154649875743869e-01,-3.414621749316329447e-01,3.735241976122519736e-01
2.665661170150401826e-01,4.036843648532412177e-01,1.658959568951141605e-01,1.332382768044555396e-02,8.641409418261730702e-01,-9.304761935108051274e-01,1.105774894340698866e+00,-6.841396730289751593e-01,9.358438894986281786e-01,-8.554406042793609721e-01,8.943654519457575613e-01,-8.003243725648448992e-01,7.949648833088359678e-01
-1.496986721711814905e-01,1.718146723869400372e-01,-6.034405665008620856e-01,-4.904917443931007259e-01,3.307980854655515057e-01,-7.735447322228823364e-01,1.287360576527671663e+00,-9.025493300665684560e-01,9.449884841920712653e-01,-1.014970701249089391e+00,9.705720487505394845e-01,-9.491882268976550296e-01,1.073859353204996703e+00
-8.225771009547626633e-01,1.241456151015881471e+00,-5.319701507208107749e-01,4.578317091528197880e-01,6.838729593251428873e-02,-7.982092595082126429e-01,1.221801237533815421e+00,-9.953276049734155473e-01,1.017457279486363220e+00,-1.136379030570458859e+00,1.163630746805445204e+00,-1.042842175512371128e+00,1.271610710739353722e+00
-1.977249841152241006e+00,1.171782766394205089e+00,-1.734852868971902939e+00,6.738649986460341079e-01,-6.093386165773401891e-02,-6.415755044553226316e-01,9.485306397862590666e-01,-1.008681328107247088e+00,1.147884907157307621e+00,-1.140146266767908756e+00,1.141092834053514249e+00,-1.155776849792012229e+00,1.234017871491851270e+00
-1.251852878519801759e+00,-7.893023710024766881e-01,-1.452375833733590138e-01,-1.112541396463185395e+00,-1.336654593242023958e+00,5.066263947909317444e-01,-5.655313727100496068e-01,5.218027221975414243e-01,-5.790178237886601798e-01,3.291529452325149263e-01,-4.990428055150826214e-01,2.592803883860062553e-01,-2.845533047494893664e-01
2.739217849505238278e-01,-9.327133908538890461e-01,4.054329955822907894e-01,-1.197932720298205966e+00,-1.294115941428428451e+00,1.168690321377279379e-01,-8.908342079854679740e-01,7.823219926207580777e-01,-1.052396281943389633e+00,8.150227648862798935e-01,-9.062967121117180280e-01,9.053827548583932572e-01,-9.008637577406468644e-01
1.194655705916207733e+00,-3.231304467547784776e-01,-3.202263379642373842e-01,8.614148192452035779e-01,-1.945316138777940296e+00,2.246728311756990060e+00,-1.493065167202426657e+00,1.954746569511966792e+00,-1.717956331552749960e+00,1.727872957997979908e+00,-1.573476629020284623e+00,1.684811262169286117e+00,-1.591954692155766793e+00
1.055057467022938011e+00,-1.740761021739126946e+00,5.073755986080220604e-01,-4.519797381719111717e-01,-7.874885539799335588e-01,4.708731078443766371e-01,-7.652130305544208033e-01,1.079560193836034410e+00,-1.199003454530374491e+00,1.112145418159516952e+00,-9.818599662083659085e-01,1.380862246878036270e+00,-9.636333368343592554e-01
8.356023275388777538e-01,-8.334075494545604146e-01,1.904239995627962312e+00,-5.274641299573801234e-01,1.173470377438538215e+00,-5.844697408777250330e-02,3.591684093865436106e-02,-4.028536040546557007e-02,-4.296565799585740364e-01,2.847076437739238797e-01,-5.043540248625240086e-01,5.012167451218689784e-01,-3.213614695453429482e-01
5.738826625880892873e-01,-5.072850659390671924e-01,6.640472463927591384e-01,-6.064456434051544997e-01,5.036808155867015246e-01,-7.693583908571112184e-01,5.773907509230941093e-01,-6.762116159524065306e-01,4.588408588486403983e-01,-7.365402107207854598e-01,2.833593601711781318e-01,-4.601924108853126527e-01,6.681908383863310874e-01
2.634377159899141119e-01,2.928936778033932598e-01,5.364688829362835865e-01,3.393379732199746646e-01,9.550738668666295395e-01,-6.028141334556563757e-01,1.134032260862188224e+00,-7.710272826478528074e-01,1.024096287866136601e+00,-7.442377553938035462e-01,9.867220523526455400e-01,-5.693992875596202152e-01,8.718652075367160359e-01
-1.527199389590657985e-01,3.209448306642135873e-01,-2.917955732831153948e-01,6.331564306503585648e-02,4.131352559818043252e-02,-6.983389846751516528e-01,9.058966015508544967e-01,-1.285829861938062368e+00,9.298765594805137313e-01,-9.599439438721473206e-01,1.149743613481423843e+00,-1.076650006785691671e+00,1.046200610124726538e+00
-8.241022895642032831e-01,1.628235152842031574e+00,-4.122088928722020262e-01,8.407745755409533617e-01,3.984814889317567221e-01,-4.107868989356749066e-03,1.599525362138610296e+00,-9.170161038746776905e-01,8.619565578477350609e-01,-1.084698477454137722e+00,1.202065841974645943e+00,-1.031073520798035048e+00,1.177222898041694554e+00
-1.978507405461258806e+00,1.551241258840737158e+00,-1.010494862800380478e+00,9.371541996167008781e-01,-4.845296312229709357e-01,-5.731007960714378235e-01,9.634446667556171295e-01,-1.105235809645283451e+00,1.049583298538416365e+00,-1.096334950074592252e+00,1.028563840219648862e+00,-1.122814750790733118e+00,1.347397987201753411e+00
-1.221889047361848224e+00,-3.056972036912480317e-01,5.008837343153157429e-01,-3.244091950569711891e-01,-1.000043632324467024e+00,7.285974621106041660e-01,-5.124684772783447695e-01,5.956137635632302585e-01,-4.902517211587528179e-01,5.594699747788491884e-01,-3.965502660786336953e-01,2.953292170312856735e-01,-1.480028779641648362e-01
2.981542295889027527e-01,-1.110524913575044348e+00,2.701430958679058025e-01,-1.007566556392367696e+00,-1.027012668220951275e+00,5.591953030284934067e-01,-8.499887208031066121e-01,8.816360203769779691e-01,-9.115680157619389101e-01,8.912628206706207923e-01,-9.466315755793981435e-01,9.260573080000152890e-01,-7.753670915721647683e-01
1.218941790622039445e+00,2.368447175063604637e-01,-4.552901583677822911e-02,1.170158074048385011e+00,-1.393063365863678404e+00,2.613313367815961463e+00,-1.546063673577459996e+00,1.978290956129376443e+00,-1.716486442328733153e+00,1.635190624973428042e+00,-1.705010406763786124e+00,1.603634793550151372e+00,-1.675094641912304505e+00
1.062338798430019882e+00,-1.167975359972775129e+00,5.266519534125069235e-01,-2.591765004955516941e-02,-5.657941292380481296e-02,1.127474400032906443e+00,-5.999076872965517504e-01,1.382711451666045477e+00,-1.029568112440786498e+00,1.053907414660187447e+00,-1.142694747204102468e+00,1.275329931156520491e+00,-1.081851415066040989e+00
8.416228560513483448e-01,-6.999789325304454080e-01,1.996332536597065888e+00,-7.331465500676974667e-01,1.392524205973843632e+00,1.866307941170882931e-02,1.218400180878514011e-01,6.290045046407541918e-01,9.246386255962583955e-02,5.510071236177284115e-01,-4.185359345398166897e-01,4.142683653234289776e-01,-4.235036718443034864e-01
5.784339793087589499e-01,-4.974065481059137261e-01,3.739901583277319697e-01,-9.078282295914743560e-01,8.943840640790337027e-01,-8.715039338695227400e-01,8.287800264275864137e-01,-5.155278332433154143e-01,6.060398800648952866e-01,-3.079866063047981828e-01,6.926320256797089403e-01,-1.701904230220291636e-01,7.078689977492199636e-01
2.682508507041510559e-01,5.207254866958644923e-01,8.314881178044991605e-01,7.039663820403442296e-01,1.203510710594849709e+00,-8.266534345490388347e-01,9.813724418422316020e-01,-7.992564100794289361e-01,9.109462926578830722e-01,-8.782872081522831165e-01,8.305974352834473162e-01,-8.085696608185062306e-01,7.697313748659304622e-01
-1.483952628284957442e-01,3.447420858937839672e-01,-6.259121137903362886e-01,-2.201597756064981037e-01,4.982889318741814955e-01,-8.574977501610169250e-01,1.008832840699773081e+00,-9.765545913506601394e-01,1.142549801014038025e+00,-9.642255090018473362e-01,9.756902015089276015e-01,-9.786092559268855240e-01,1.024444381135991788e+00
-8.219511662393770290e-01,1.383731531920579405e+00,-9.040965573028818536e-01,9.378524652555353391e-01,8.166874370611565404e-01,-5.345297545882976564e-01,1.067973485330345751e+00,-1.147984002797974190e+00,1.005968766857293639e+00,-1.150998544539202806e+00,8.445068741855308314e-01,-1.443758683411888288e+00,8.869960112007994057e-01
-1.979589683671769018e+00,1.492625511388653736e+00,-1.263086444644371698e+00,1.629277275516557211e+00,3.616693463322896984e-01,-5.571942151482779382e-01,7.531909657864777063e-01,-1.170068584981268867e+00,1.022073629912662485e+00,-1.113244908257330801e+00,1.164930695175969921e+00,-1.237595148059057459e+00,1.182113977813899375e+00
-1.250605955967772243e+00,-1.083003969082189322e+00,-2.724897433708700079e-01,-6.179698950221351739e-01,-1.222680838944094628e+00,8.482669482022062168e-02,-9.761273331387181340e-01,2.474281464490390714e-01,-7.166829802622507462e-01,2.897377162144647578e-01,-5.092129082262646378e-01,2.797129766568292042e-01,-2.095125079954800462e-01
2.748841081256752084e-01,-6.868304013027215493e-01,5.592522440413892904e-01,-6.639607378684211358e-01,-6.565394154499623047e-01,4.484588710480185703e-01,-9.504228802396719189e-01,7.723250603447600060e-01,-1.081804591880841437e+00,7.272802212669590149e-01,-9.722766463599652464e-01,8.902972033931281226e-01,-9.449013959648409067e-01
1.196345289143176505e+00,-2.937116374539750496e-01,-3.887683680888723847e-01,7.432992011807814103e-01,-2.026975255323690828e+00,1.947607715821414454e+00,-1.775739165900957817e+00,1.652223844611381942e+00,-1.723190109059580255e+00,1.730549212528763148e+00,-1.811370200483425785e+00,1.427275427248615891e+00,-1.894864189910211216e+00
1.055344932302745731e+00,-1.025631996338586260e+00,6.701808725122050392e-01,-4.613041889480948982e-02,7.373415412269274105e-02,9.172423306750822070e-01,-1.126007576111215380e+00,9.858613531275707276e-01,-1.073899760557260663e+00,1.024722165538445529e+00,-1.062512044577910153e+00,1.296573060558632529e+00,-1.058593655088325258e+00
8.343772430586601230e-01,-1.606740637035595443e+00,1.181342310468828760e+00,-1.889049133484467902e+00,6.327503311267111963e-01,3.262557963673031608e-02,1.666511260958014329e-01,3.923305912085407465e-01,-6.571866647437360487e-02,4.980540513377147982e-01,-3.307483423079375373e-01,5.719418136071460212e-01,-2.772818866483415801e-01
5.712797676978359496e-01,-3.017362169974058816e-01,8.809339287024969822e-01,-2.784464174870640019e-01,9.684848714971971972e-01,-4.482449349276829698e-01,9.797190016104169175e-01,-3.321385145119394311e-01,6.812755198844551163e-01,-4.127129536616846450e-01,5.613681342328190604e-01,-3.392337517793745927e-01,6.469937991857913628e-01
2.615822726266819331e-01,5.307123309176385861e-01,5.458715241853729916e-01,-3.282434629479173416e-01,4.545627942647493813e-01,-6.193925971661822238e-01,1.100692043921697172e+00,-8.649595698347088968e-01,9.233662509683149278e-01,-8.168683419125040146e-01,9.509045854890043614e-01,-7.915755277859327643e-01,7.322620415597724808e-01
-1.549174539102179393e-01,7.965874177065342954e-01,-2.666983827121684469e-01,-5.236159014359622645e-03,2.142162082625194697e-01,-1.016206763351193976e+00,9.491232064801476964e-01,-1.290353760124205218e+00,8.871866175171809754e-01,-1.030543271880723699e+00,1.027367765796044052e+00,-1.046675908903950569e+00,9.130936016767804420e-01
-8.284123442586901476e-01,7.931637142352685466e-01,-8.990899225051661725e-01,4.834237307635508851e-01,-2.257363943016763713e-02,-5.619516041740739709e-01,9.717329169384204546e-01,-1.142257103529098927e+00,1.079994774302551752e+00,-1.083432017183494356e+00,1.052123517612795878e+00,-1.109220815000570903e+00,1.176448903410809432e+00
-1.982780603779916273e+00,1.453756503621699725e+00,-1.314488718170484516e+00,1.448052541722862019e+00,4.860556906137272204e-01,-3.224761424859516890e-01,6.776035855721407319e-01,-1.317945383876821808e+00,7.772045830144501677e-01,-1.196005028386328384e+00,1.291293061426004751e+00,-1.132631605701622801e+00,1.210522326106698854e+00
-1.221965499072238170e+00,-7.509596576707646687e-01,-4.231447745605864535e-03,-8.998205806422832076e-01,-1.507411084841240978e+00,-4.033809468499133764e-03,-8.517213254330888716e-01,4.413748743499171234e-01,-6.567028780163672863e-01,4.233178175386648201e-01,-3.025711950975855102e-01,4.193638275340201282e-01,-1.156804199503205094e-01
2.982587129760416733e-01,-3.415790325952928752e-01,-8.601396833983440127e-01,-1.734933450487315953e+00,-3.843335388845465217e-01,7.167484161374209073e-01,-1.190162492652910631e+00,4.610856563968586674e-01,-9.055482360724936841e-01,1.281107335833416405e+00,-7.065285825883005355e-01,9.218876011743316612e-01,-7.015395647961907288e-01
1.219139463029699888e+00,7.099336081630505113e-01,-1.590356050636210883e+00,-3.954133836202723684e-02,-1.257383305258583661e+00,2.552654156732286683e+00,-2.193246202549011592e+00,1.282795757342510834e+00,-1.757395006705853246e+00,1.824260576236055309e+00,-1.677776011733831396e+00,1.521629094089096190e+00,-1.533150238002309873e+00
1.060308783011827627e+00,6.198064520962142110e-01,-3.438318349133787644e-01,-1.655038696651318864e+00,1.300211084123062411e-01,8.106542291786249521e-01,-1.741820659971118124e+00,3.307647964941929919e-01,-1.256808196762793761e+00,1.178958915456437939e+00,-1.119290432968225835e+00,1.017902155648016116e+00,-1.277007175284160301e+00
8.378828526791133324e-01,-1.838061106628665897e-01,2.592882970503102014e-01,-2.780588097388433599e+00,6.270071866248533299e-01,-9.456718121053835358e-01,-6.663781653931548643e-01,-1.999083592529273812e-01,-2.382335346141332966e-01,5.696705113389746167e-01,-3.161168384831415379e-01,4.192447942558528706e-01,-7.196365561249219445e-01
5.759959047263117915e-01,6.823175199277251579e-01,-1.591318462713941784e-01,-1.430250673277501328e+00,1.124440377576123362e+00,-9.878864071611005437e-01,1.673450608091466008e-01,-8.569418846201920514e-01,6.347779974702180139e-01,-2.610700563931050433e-01,8.918764094227979999e-01,-9.308296259481319002e-02,4.936943001232232398e-01
2.654142072272638875e-01,8.521455349288177272e-01,-1.055644352490190618e+00,-9.214040748133645042e-01,9.096406238392970023e-01,-1.436038742005944169e+00,6.513222822069463236e-01,-9.015699225419874230e-01,1.111541100073955013e+00,-6.538627096092880508e-01,9.451865277069211313e-01,-8.898872075607985321e-01,6.848339488454532331e-01
-1.519876868287085570e-01,1.912866891110749590e+00,-1.365849337288494780e+00,-7.972724146745817642e-01,7.206461824527898852e-01,-1.571185897934307407e+00,6.095329172003239870e-01,-1.039397184076322311e+00,9.874513769290248488e-01,-1.144890653617803178e+00,9.333358729393150810e-01,-1.075524023476394975e+00,8.827778980648010032e-01
-8.243257631883268433e-01,1.868226668211212083e+00,-2.745245158215613213e+00,-5.242525195152752948e-01,7.388110917815002843e-01,-1.553441988857454215e+00,4.674189175645717675e-01,-7.244821321073718901e-01,1.465466792997168310e+00,-1.225379358737721525e+00,8.631317754543567089e-01,-1.274233373100510214e+00,9.510478515532211352e-01
-1.980089371987179270e+00,2.965566244339351787e+00,-3.360794734151822727e+00,3.565900839352192375e-01,7.078071669204403227e-01,-1.307139277244118825e+00,2.338840100785879450e-01,-1.084047508204847743e+00,1.212456983331376748e+00,-1.117622049552221108e+00,1.229568855028891239e+00,-1.390968096675260224e+00,8.896509958767065962e-01
-1.254265456280090119e+00,-3.496124338016646793e-01,-1.527099384029497298e+00,-2.157570806610933367e+00,-1.078822759824888511e+00,2.829993224226513560e-01,-7.428920532852044678e-01,5.613003023926833590e-01,-4.224609572363071108e-01,5.921601409187524645e-01,-5.631347513712469111e-01,-5.289114439536269502e-03,-2.658315322035749717e-01
2.729081211249778649e-01,-2.696142099649068147e-01,-6.712024478513198833e-01,-1.576896621416044475e+00,-5.613344397285715548e-01,4.984400502472657313e-01,-9.088080048931646004e-01,1.074012903250371798e+00,-6.911438802539396908e-01,1.087339739297815244e+00,-8.148072404360674481e-01,8.489032390637414327e-01,-8.587778427515435631e-01
1.193585411880272229e+00,-2.263884394355585306e-01,-1.412291283658451801e+00,8.591501072663836336e-01,-1.422235656143157501e+00,1.752039410530048080e+00,-2.102965777153988469e+00,2.152997799082266628e+00,-1.096598196338055331e+00,2.009149599822008803e+00,-1.548959833847733947e+00,1.758135649519007915e+00,-1.737257650053142033e+00
1.052602911937028152e+00,-4.833020669603842467e-01,1.089769279310600775e-01,-1.087236635241955324e-01,1.158461532486665668e-01,4.320788639745197779e-01,-1.152785466754533639e+00,1.495140308168554810e+00,-4.627107876564570121e-01,1.461894699652285246e+00,-1.088010853043090309e+00,1.118169257539096684e+00,-1.302453417808525638e+00
8.340519482755134328e-01,-8.365611740804519414e-01,1.367331963580614040e+00,1.387451376942707426e-01,2.221720376563345312e+00,-3.172562562629030469e-01,-2.712119376831484963e-01,2.497898093470188596e-01,-2.377151101259075139e-01,2.521685286824080219e-01,-3.969281298762110111e-01,6.369618961309675420e-01,-6.329476067601892408e-01
5.708374525068802274e-01,2.459372488826843950e-01,3.680846086144095031e-01,3.709171163169006635e-01,1.779031469344261485e+00,-1.124631705066163834e+00,3.128229846321696761e-01,-5.114708961136638088e-01,5.024606936511597510e-01,-9.324100427265882285e-01,1.207445836106466053e-01,-5.692038014158293802e-01,2.624478391169663971e-01
2.604333299073626207e-01,2.303301183102003380e-01,-4.706384360788999910e-01,-3.346205658773266367e-01,1.079965836219511255e+00,-1.329854604105419336e+00,6.537698548843382529e-01,-5.900384708976627035e-01,1.199728834400674016e+00,-6.978324790233074726e-01,1.123540683648137417e+00,-5.630306142038467021e-01,8.430443076824341020e-01
-1.547593378255263663e-01,3.187812102151504901e-01,-5.964207602512289208e-01,4.443717227057429886e-01,7.695055681632231304e-01,-9.863320692486191588e-01,1.001689898936822143e+00,-9.921645782385042356e-01,1.038270560474998883e+00,-9.999202742570709734e-01,9.700286520149502545e-01,-1.015459392287722196e+00,1.027778766528105736e+00
-8.230193445666951213e-01,1.173826754198782352e+00,-5.445341877436903344e-01,1.501231692677925222e+00,7.833326592340305039e-01,-7.380037770296449251e-01,1.107253901690779863e+00,-7.273236455162173097e-01,1.041421123936141946e+00,-1.222863954611353998e+00,1.092471761793577523e+00,-1.158091184770965176e+00,1.106360378055425198e+00
-1.977946972170374851e+00,1.763251563603366545e+00,-1.246660129788114135e+00,1.352049963392434551e+00,3.361594885306513625e-01,-6.951941133497527847e-01,7.074516745211005819e-01,-1.069324814312464733e+00,9.760263191474503053e-01,-1.194009774907558219e+00,1.202742341607865750e+00,-1.154311414954635184e+00,1.089063390402468467e+00
-1.224448538322292057e+00,-9.150339999034949878e-01,-1.848090223533798149e-01,-3.143773788159860971e-01,-9.269525789689092576e-01,4.778512970950314354e-01,-6.017352625171608071e-01,5.117959187897249684e-01,-5.807656748282630232e-01,4.486956699981579644e-01,-3.537625399281176253e-01,4.526282415615250909e-01,-1.191436321940778226e-01
2.954187968372653517e-01,-1.216409987347173871e+00,-1.208933241006881487e-01,-1.428367942134783908e+00,-1.361547074467310603e+00,2.158012920299197945e-01,-9.757717422911910132e-01,6.594855538236191750e-01,-1.118165082317777337e+00,7.573852557290727816e-01,-9.672452195559493315e-01,9.975890634458290940e-01,-7.108554234970970720e-01
1.216642203934935829e+00,-1.216143901268865596e-01,-1.394482975854458365e-02,1.261538923659287104e+00,-1.888163282620884731e+00,1.846134419461125553e+00,-1.975778596429622391e+00,1.627700454358867788e+00,-1.811400131973776029e+00,1.557830478166041699e+00,-1.712478342193505032e+00,1.850529142948334593e+00,-1.586955613441328961e+00
1.060914828535340471e+00,-9.638507476299191801e-01,6.936428456474448279e-01,-7.530310514579189318e-01,-7.116074965984592327e-01,4.358390568983669389e-01,-1.306623895172396077e+00,8.727499911219595008e-01,-1.276336185882368746e+00,7.068565079926550920e-01,-1.297104029458736152e+00,1.145223596091201612e+00,-1.279585104101220949e+00
8.396243213766666491e-01,-6.854586172347593154e-01,2.133185278094755777e+00,-6.766051968626289881e-01,9.182646359806353464e-01,-2.338024187928377517e-01,-1.434837262534969897e-02,2.781114945095573554e-01,-3.192298820075704091e-01,2.312947834612490150e-01,-4.568145198708575272e-01,4.821380843520366444e-01,-5.906651851997261060e-01
5.767402150047121756e-01,-1.101621227073933396e+00,9.450744714058438856e-01,-2.206312622020749903e-01,5.829334764630561549e-01,-1.077392243682136375e+00,8.151221685257321603e-01,-4.079666979645028557e-01,6.299867619186423351e-01,-2.319647096706382305e-01,7.095014449573054938e-01,-2.837828885664309686e-01,5.854859614937332202e-01
-2.266774203010308297e-01,5.126914147427966695e-01,4.332488104359809022e-01,9.430872323770674859e-01,-2.480695203490705658e-01,-4.801304395643080092e-01,7.469801903000342636e-01,-4.065458520369646389e-01,8.364490141058557038e-01,-9.045892983006602606e-01,5.726714621343501621e-01,-9.227517873611249533e-01,6.746585754714885530e-01
