1.133958631390705074e+00,-5.401094913292902033e-01,-8.224532327539280097e-01,1.882353577441008730e+00,-3.554954633394966645e+00,8.128991825146685279e-01,-2.528571228607934707e+00,1.236881245737469381e+00,-1.782318589999870362e+00,1.318101566740044639e+00,-1.952692270920898254e+00,1.228881195907451263e+00,-1.579723028789373096e+00
9.532621813411057410e-01,-6.025946259755925877e-02,-6.103294271175623287e-01,-6.466957914368771654e-01,-1.613080715688222533e+00,-7.782459118240468016e-03,-1.169127473021523977e+00,4.943076271073172379e-01,-1.288777435791740311e+00,3.371490919272381315e-01,-1.281432938756838169e+00,6.554862525395045436e-01,-1.058230424099957157e+00
7.191869430196246027e-01,-1.402502017594453587e-01,-4.526711836227239605e-01,-6.777334736210954835e-01,-5.456041240152453842e-01,-6.058190176645416036e-01,-3.285469401340707640e-01,-1.214618153482705798e-01,-3.305415128776361122e-01,5.385693875650136853e-02,-9.765778190644527901e-02,2.031694123592953927e-01,-3.437101762367490987e-01
4.368277850526579020e-01,1.008909168802682332e+00,-1.860358691249809349e-01,-8.303352906001226774e-01,1.825396103354637534e+00,-1.239876798494367272e+00,1.165956821680418087e-01,-8.565458627042908946e-01,4.512436717401371866e-01,-7.480184454302938324e-01,6.216912117364979951e-01,-6.832409564611147124e-01,1.250898458048465278e-01
9.170647294582573439e-02,7.629957343156591465e-01,-1.386470506362410982e+00,3.746893754031782597e-03,-5.656808053361376265e-01,-1.109018254474968490e+00,-2.151003010638223301e-01,-1.104797423350024843e+00,7.938593250168780591e-01,-7.869114475031943057e-01,8.774807807848798991e-01,-7.695324978297195528e-01,8.341664975906453172e-01
-3.633428979284936688e-01,2.042489715200964451e+00,-8.929030746771289273e-01,-7.728099833619984649e-01,1.881996153294479113e+00,-8.844307576257065540e-01,7.053977969641631596e-01,-7.564058842213281508e-01,1.306954921021023175e+00,-1.349295110555503774e+00,4.781398773913673184e-01,-1.266371800205158937e+00,6.164022612166250026e-01
-1.078029901047353967e+00,2.080003221692721116e+00,-1.309733437415265378e+00,-1.509738793582166561e-01,6.768878689750891242e-01,-1.981605482409360075e+00,8.943308730197614409e-01,-4.304422106862860198e-01,1.243715023674087927e+00,-1.309409894123836793e+00,6.603877433980070988e-01,-1.577104062661613293e+00,4.636521243277142434e-01
-2.276099832167083115e+00,2.437296751452577848e+00,-1.840418965715315380e+00,2.970346177627159467e-01,-1.048737747308723794e-01,-1.559298437549674787e+00,1.244839464210979185e-01,-4.487069206369330709e-01,1.080824163382891445e+00,-1.282216372075610122e+00,8.687140764288567851e-01,-1.598486215791937726e+00,5.005234084332549349e-01
-4.674226267254658063e-01,9.250758718493502786e-02,-9.538726117038633101e-02,-1.947658276302626668e+00,2.267808505294061083e-01,-1.161900558187895838e+00,-1.523881874791279012e+00,1.070655711499268747e+00,-6.163548566929378802e-01,5.004397333762400368e-01,-1.019414586261042865e+00,6.456867319311955233e-01,-2.874806124832634535e-01
7.182545129284259033e-01,8.001086581548214616e-01,-8.204146900768650996e-02,-8.314793521784280550e-01,-1.049728369738453626e+00,1.017741399906528371e-01,-1.736077067690096509e+00,7.339796121509468696e-01,-1.533132626386632724e+00,5.674653535207088151e-01,-1.663568592107918853e+00,9.504982252000581111e-01,-1.091839915925811422e+00
1.142725048509058761e+00,1.661811735987099192e+00,2.400534749119623279e-02,-2.149938912773955213e+00,-2.153454974211947426e-01,2.680859428580367188e-01,-2.344016407013789216e+00,1.941377144709506508e+00,-1.794176982243439022e+00,7.806702232190863011e-01,-2.288726334247731753e+00,1.856569270457838483e+00,-1.198148624516086835e+00
9.579477364085271507e-01,8.167904996973054388e-01,-7.090754713869091841e-01,-9.756141558978648209e-01,-1.789943649594190722e+00,-2.494987313456581424e-02,-1.166464602933859007e+00,6.261741971501402215e-01,-1.230143276020070786e+00,1.152816096880739938e-01,-1.384591361067549764e+00,1.133572668158415730e+00,-3.547861361493582222e-01
7.300111800602523404e-01,1.133100880000942556e+00,-5.689671729684327994e-01,-1.834432032458769735e+00,-7.039963784946032810e-01,-4.386984567323333750e-01,-3.202474576665821915e-01,-2.051980802248118130e-01,-7.644185648721361082e-01,-9.584105670511021691e-01,-8.402341001847982715e-01,5.430238202721267005e-01,6.602375841035877935e-01
4.571365908346171625e-01,2.422544371687528120e+00,-3.716502643074254264e-01,-3.156388325357777358e+00,4.448033799012954814e-01,-1.822224068893329774e+00,1.553123820518997888e-01,-5.536598456334322904e-01,4.151646491461175037e-01,-1.606395613976569603e+00,-2.422914359366617476e-01,-1.336555799014094992e-01,1.254659135436667183e+00
1.165975412891932933e-01,1.236903527462675623e+00,-1.646776541732655197e+00,-9.428155342708268716e-01,-1.435933460624153613e+00,-1.079536120156460832e+00,4.489256100161391760e-01,-5.412815363943627167e-01,6.659583175215564310e-01,-1.398058326774815230e+00,2.568038133582414839e-01,-7.905116207448288357e-01,1.410146501610389125e+00
-3.391137671825594779e-01,2.423249312665410216e+00,-1.189098252696535907e+00,-1.862585114747627335e+00,7.745218547108728702e-01,-2.386233158486589012e+00,3.769292880448140703e-01,-6.144804170246670472e-01,1.273145364152685310e+00,-1.530999791262735998e+00,3.479745323900965137e-01,-8.078168970167693974e-01,1.475421233182244940e+00
-1.053954911771744385e+00,2.529657697481772605e+00,-1.867112179896728064e+00,-2.107749922628801009e+00,-4.191164986363370426e-01,-2.250984352093085672e+00,5.026656333134223997e-01,-6.171686541184795427e-01,1.495544057569516028e+00,-1.361194863087653140e+00,5.051192745037401677e-01,-9.485951005402664116e-01,1.433856562578857741e+00
-2.248457121507586365e+00,2.512832239189288774e+00,-2.399967497815146622e+00,-1.325458628745267653e+00,-1.333447964625270821e+00,-1.803497283902910420e+00,5.750005571408390859e-01,-2.777629593652533035e-01,1.087897657698341014e+00,-1.446984331767196208e+00,5.106884053156285352e-01,-1.222176405148513112e+00,1.196996717993085158e+00
-4.865383296266230784e-01,8.368672416775870815e-01,2.564345443885689413e-01,-3.108487863995811118e+00,-5.784491657881967175e-01,-3.032144766216020026e-01,-6.758885551864705077e-01,1.343228703635740429e+00,-5.843670698829006582e-01,2.904894748735518673e-01,-1.036731087336115298e+00,8.467969423546550800e-01,-6.372012224111445189e-01
7.043615533158292807e-01,2.843747920871551038e-01,-4.442536210744180702e-01,-9.762131041822018629e-01,-8.117964536405586351e-01,6.940784960156380912e-01,-1.273121931528406359e+00,1.086032438354925356e+00,-1.268987731939717367e+00,8.273865902648817050e-01,-1.133439698694344466e+00,1.446324959242387687e+00,-1.143848716842865487e+00
1.137818878461299255e+00,1.016718111559143267e+00,1.670006546834711947e-01,-1.932266530366635315e+00,-2.885325125045957173e-01,1.692800259147936304e+00,-1.379974926499946353e+00,2.227924499109886547e+00,-1.344038321835079097e+00,1.732720823869215110e+00,-1.490385931666469599e+00,1.747715768546434179e+00,-1.898088409757347383e+00
9.560106865594372172e-01,-1.476959418092918808e-01,-9.161088411763288475e-01,-6.978637543593626535e-01,-1.572325001953906121e+00,5.147072972324561180e-01,-5.651305380460821537e-01,1.360107842110752863e+00,-5.199855618102352528e-01,9.970796339649373730e-01,-8.914281648762046872e-01,7.105897596145948070e-01,-1.089136093528706217e+00
7.310606668499042282e-01,3.297892854903411997e-01,-4.489813101287853381e-01,-7.592733470223220760e-01,8.527202663286007067e-02,4.340534715220171202e-01,1.590170969171512960e-01,1.747792151173453434e-01,-5.946125011485734607e-02,2.434948602609227908e-01,4.749480212005482982e-02,3.052312190610000364e-01,-4.406612747365427629e-01
4.666489201082448246e-01,6.611202782894972652e-01,-2.090021904025105570e-01,-1.297487977655190861e+00,1.838202439165407265e+00,-1.523233040562956553e-01,1.282545213345101409e+00,4.240088786748837102e-02,7.340311653365697575e-01,-7.495907037180022936e-01,6.739594436613133288e-01,-4.720316280140247622e-01,3.784886893084086767e-01
1.373865577664827309e-01,9.487648693713578163e-02,-1.346363358692893808e+00,-9.554951069643191283e-04,-5.086200376337832729e-01,2.748906133792852757e-01,9.591141929098757624e-01,-5.404711909919512891e-01,8.278893992805039792e-01,-6.800490593844868981e-01,1.071772086809346991e+00,-6.621718033085486343e-01,9.904385402186489662e-01
-3.177562063168289930e-01,1.417362273395262218e+00,-3.297116126558567450e-01,-8.215182778498126837e-01,1.441192224853824255e+00,-8.647466216969462716e-01,1.356492156922498138e+00,-5.553887841794592495e-01,1.423695673025076269e+00,-8.836215584030662207e-01,6.948167120302560784e-01,-1.219376396313610389e+00,5.618073116128495803e-01
-1.034445585189677219e+00,8.219379762843594950e-01,-1.644097630957439549e+00,-7.318262661622783050e-01,1.920490630303785251e-01,-8.859096023024148892e-01,1.476768519149173509e+00,-2.454015608676558824e-01,2.013313050278143113e+00,-2.751968414729400458e-01,1.346821499781706510e+00,-1.103122082606590837e+00,9.494821241870795570e-01
-2.238378872831906730e+00,1.369815925950228053e+00,-1.488850930093610359e+00,-5.844257303534521747e-02,-4.476315483861627031e-01,1.262219885607436254e-01,1.504687869911837117e+00,-2.029748171189935113e-01,1.490641359703691604e+00,-7.330342536178635626e-01,9.887203360781038342e-01,-1.299778836382959213e+00,7.729407424458607512e-01
-4.630786358075292819e-01,-9.711838703994060129e-01,7.934138577607975362e-01,-1.766636487139803480e+00,-1.744205444023480267e-01,2.685434460406557200e-01,-4.733288953183590886e-01,1.169802776197594651e+00,-5.219987155815435376e-01,8.652523972868891855e-01,-8.003982839315910702e-01,4.551753983896113520e-01,-7.255986892785520892e-01
7.167501492190709866e-01,-2.821515034908317343e-01,4.132966585159331685e-01,-1.761708731771899072e-01,-9.912685030919392570e-01,9.267960088413225161e-01,-1.070806661860647324e+00,1.038846167475310889e+00,-1.175100799789028150e+00,1.185819348609447266e+00,-1.198649356331175975e+00,9.684604150840971926e-01,-1.381353820013151656e+00
1.142619527943273816e+00,-7.161455848974405125e-01,4.446611187728876646e-01,-1.209510409459589875e+00,-1.975844699646543412e-01,9.802240808277000728e-01,-1.453312056687836140e+00,2.851669485448298236e+00,-6.512154409190497040e-01,2.242640591490483004e+00,-1.305102933885078142e+00,1.502243861346647114e+00,-2.380099077810216901e+00
9.586155768653721321e-01,-4.359349432876515884e-01,-1.175623588648534029e-01,4.890724182056636060e-01,-1.038320879137003772e+00,6.957705939646153803e-01,-8.546854691056364750e-01,4.955327200216327888e-01,-1.130846259518761832e+00,7.953691510139043741e-01,-7.866575708001580791e-01,8.354133088920828731e-01,-1.266698928612427277e+00
7.340169776712958116e-01,-5.597519723487532906e-01,-3.902885752060404334e-01,-9.056073849743358217e-02,-5.695146562402880058e-02,3.922464513442937978e-03,-2.733787562163470311e-02,2.661477253508099383e-01,-7.129397390406989887e-02,5.237725468513623750e-02,-2.061907099210386340e-01,1.068212667563497309e-01,-3.848391193072433492e-01
4.758503246922294316e-01,1.537502352907755276e-01,3.038839069206780708e-01,-3.068944466241197988e-01,1.851101007767626205e+00,-7.485017122524612043e-01,1.183223212485690734e+00,-6.893351288696514256e-02,5.134067816750254032e-01,-8.905061670821270425e-01,4.649128612846014641e-01,-5.400276563185325562e-01,2.394995374514366782e-01
1.520013274797496206e-01,-3.833046329475007785e-01,-1.150686769984091029e+00,4.548966967456948285e-01,-6.097263304684011898e-01,-4.371079576888190488e-01,6.137879867282847179e-01,-1.078597290996959890e+00,4.076780911120513329e-01,-8.727496591791487068e-01,8.608105877547131968e-01,-7.038992415935964031e-01,8.293285058449423319e-01
-3.011857965910912371e-01,1.717367462066050621e-01,-2.062850390774206566e-01,8.124020781421010806e-01,2.011908282350383548e+00,-7.113855085616648255e-01,1.176045396490488226e+00,-1.082822788600375175e+00,8.868759431757985423e-01,-9.639080765542243912e-01,1.047473640096069358e+00,-8.316870034387282562e-01,7.429212376729484868e-01
-1.017780496781138355e+00,2.031926108568494482e-01,-8.530420284530458863e-01,6.055590205963777839e-01,7.733129164973012726e-01,-3.431035124866502750e-01,1.096831388912100635e+00,-1.137807618234044860e+00,1.112149678069828784e+00,-9.002364878247284263e-01,1.241619769893903324e+00,-1.228990539518017622e+00,1.040106988783892517e+00
-2.216226528394603434e+00,8.794133236652014185e-01,-1.024860943785936396e+00,9.426909614957776906e-01,-2.058121046437478424e-02,2.339194082387769102e-01,1.050409833190272701e+00,-1.072281205755888145e+00,1.057701447466626643e+00,-8.785983826390972862e-01,1.030820446341004448e+00,-1.346590525818535999e+00,9.542408235989768839e-01
-4.805445261246087396e-01,-1.428596966468317797e+00,1.083791645019628991e+00,-5.339423416661629451e-01,2.608679313588654347e-01,-2.125100330626065182e-01,-8.543832250264261630e-01,7.520091366264384236e-01,-5.755988789473645006e-01,1.161135413139588124e+00,-2.950307124462234198e-01,8.333651914060720145e-01,-7.366484001849158414e-01
7.039529165703989344e-01,-7.072321538847686773e-01,3.578948645003422468e-01,3.904232755447539227e-01,-6.853786239345874831e-01,7.579100868459411888e-01,-1.124908726370049683e+00,9.414777058819738809e-01,-1.223075641777267908e+00,1.216126859631664558e+00,-9.724319090407994581e-01,1.235128822337528298e+00,-1.184234808152608398e+00
1.135395793566854827e+00,-1.196076584597613568e+00,9.269675926094943508e-01,3.815313402804517140e-01,7.412852796426354640e-01,1.787124334558312100e+00,-1.673254380201634639e+00,1.783108137560844630e+00,-1.476086429056238103e+00,1.891167745960629087e+00,-1.183450024124125921e+00,1.979897932399706573e+00,-1.723696686436614112e+00
9.548911114821729829e-01,-6.175382326494467389e-01,-4.899216321704587540e-01,4.729312097520461944e-02,-8.390055238984690522e-01,1.088491940478067743e+00,-9.523451109083584942e-01,3.703520897081742369e-01,-1.039626476727690596e+00,9.207866540536077116e-01,-8.340665309029031693e-01,7.719966886570561737e-01,-1.066687500677899081e+00
7.330344074166332824e-01,-5.729539497380145008e-01,-2.398879112285614845e-01,-3.482652315402410825e-01,-5.047940022943614435e-01,2.507689135500835165e-01,7.972945426580131667e-02,-3.913159605180036582e-01,-4.066863740112482417e-01,3.064022481982560109e-01,6.252145615336832107e-02,2.735024394965795413e-01,-2.375128392761524654e-01
4.786693364128474792e-01,-1.260932403384789902e-01,9.587677456827958800e-01,-1.153161498216000586e-01,1.208405137066090207e+00,-1.218848397718740095e+00,6.080433574773166372e-01,-6.877987871373020257e-01,6.488750694228963001e-01,-4.453770625847763842e-01,9.006263757901583622e-01,-3.093002127964913917e-01,4.390719195000558628e-01
1.626144311396864328e-01,-2.344239699418238232e-01,-1.152869024564749045e+00,-1.227431418423678838e-01,-1.039127233838935904e+00,-6.889167946022181077e-01,4.928368147395300047e-01,-9.871471292354242477e-01,4.926595833371241739e-01,-8.598748131686985152e-01,9.240883745382856285e-01,-6.481831786948377694e-01,9.559616058084065005e-01
-2.830229462829854659e-01,1.410262647677015535e-01,1.077030025167477062e-01,1.066541830045567713e-01,1.416141975664132024e+00,-1.132082755926115292e+00,5.510966463654054515e-01,-1.066386767677552916e+00,1.117648975742844275e+00,-5.832688558951918401e-01,1.250924984524766082e+00,-9.340757591336448229e-01,1.201440140714985061e+00
-9.986591599457648183e-01,3.450724436277595730e-01,-4.555638867668359571e-01,5.840213617034082372e-01,6.109611942306532040e-01,-1.060166165605439748e+00,4.263673055450635796e-01,-1.152181542612541021e+00,7.770493144423823439e-01,-9.766618996822037380e-01,1.082094178282153818e+00,-1.254982395541100137e+00,1.243440754174179430e+00
-2.206226303820001178e+00,3.203037918550182273e-01,-1.095361475376656513e+00,1.210644526714196756e+00,-7.544853547780494551e-02,-3.326249635129292503e-01,4.846116503149637267e-01,-6.204973201006016570e-01,1.065934150028740701e+00,-7.334383619421497302e-01,9.544357780790921897e-01,-1.488334684188391321e+00,1.173472458076674441e+00
-4.589393921481451644e-01,-1.465374202421072747e+00,1.091400519717379280e+00,-3.805704892389368266e-01,6.763274752862337147e-01,3.222064910738395294e-01,-9.828543214268735673e-01,6.410646749451356374e-01,-7.041051661697816932e-01,8.601616552527679982e-01,-7.650224620786963969e-01,5.641858149456044913e-01,-3.555479652706725613e-01
7.177248954560907501e-01,-7.638811753459617826e-01,5.086003608801265008e-01,6.144518884528631375e-01,-5.247334026974334042e-01,1.055448106517059115e+00,-1.263603911182853423e+00,7.185528949238242369e-01,-1.394844513786353213e+00,1.130129804710994668e+00,-1.074028104540720729e+00,1.037099906159681506e+00,-1.281473196862037645e+00
1.142971267754374187e+00,-1.591307543952167336e+00,1.227027625241450481e+00,6.365359315420081598e-01,5.121614280030526434e-01,2.297319683186998862e+00,-1.139856505491880334e+00,1.921206279132479988e+00,-1.532538850089470106e+00,1.884116294716174922e+00,-1.439030695047078812e+00,1.735031802036483439e+00,-1.506730094306980128e+00
9.589931894540002499e-01,-7.967041897279214524e-01,-2.269285494366704570e-01,3.895815133135421826e-01,-9.679710262858255421e-01,1.061919960425535159e+00,-7.747470089846851815e-01,6.136827344468674950e-01,-1.020379198672912047e+00,7.766564704147006504e-01,-9.026286850246848514e-01,8.116270303254770058e-01,-9.875969681702171377e-01
7.337246216705379798e-01,-7.189366216428326739e-01,-2.094059357315049275e-02,-1.273661840113743671e-01,-5.121282475261297318e-01,7.398720686984019967e-02,1.570989142324734911e-01,-1.323433611952717637e-01,-3.370482175367080502e-01,1.322875759130011653e-01,-3.971245122068366162e-02,3.789483449649281854e-01,-4.015692368448430666e-02
4.796585192185919277e-01,-7.097687913602442056e-02,1.628791008716119926e+00,6.019485929151172643e-01,1.218574649941171817e+00,-7.373218845202564875e-01,9.929485749043818199e-01,-6.966255391494849958e-01,5.637660334822942598e-01,-2.299106282805376267e-01,7.851187796516176931e-01,-7.675597477379059175e-01,2.214367544814691002e-01
1.673446083498541237e-01,-3.505254499616037855e-01,-1.096117733902566060e+00,5.616888546582283759e-01,-7.467318877343422923e-01,-4.719351851403263964e-01,5.568654233695772282e-01,-1.108397408235676007e+00,3.515007378215863065e-01,-8.618532579636032365e-01,1.044060113013292712e+00,-7.376937932923929298e-01,9.768566951923158825e-01
-2.733740042487918798e-01,5.873591507853190841e-01,8.818369525403172426e-01,9.235188457257519357e-01,1.475994651045978712e+00,-1.084415496185995975e+00,1.328110169438177390e+00,-1.110638701242053994e+00,9.432620692867341727e-01,-8.278785776007024921e-01,7.850567142306409396e-01,-1.303805894260288589e+00,7.332645891757179069e-01
-9.883862379847653257e-01,8.570615962338053173e-03,-3.826182733084100840e-01,7.942685206361433936e-01,9.164410430088801851e-01,-3.332482058994393204e-01,1.458993395691347672e+00,-7.598984557263744888e-01,1.234003464286876683e+00,-8.203600888934947655e-01,1.197723328273263332e+00,-1.018831457853986544e+00,9.152156589422684174e-01
-2.185713223485658219e+00,9.161873836668950055e-01,-2.663718488229853687e-01,1.466023098283801618e+00,1.437629756284039273e-01,-1.354178333322852146e-01,8.564646490914462618e-01,-8.256226851752603846e-01,8.780889228640553767e-01,-9.547858476946504691e-01,9.833622427613584183e-01,-1.234924259813910741e+00,1.144061067820835609e+00
-4.731231575246741539e-01,-1.731292808881925938e+00,1.027698384230777418e+00,-9.979336770188009798e-01,4.296242964076455451e-01,1.213692252488021817e+00,-9.022524317122793125e-02,9.789772978402008219e-01,-5.332188498515669783e-01,1.109908084716436205e+00,-5.956255741723538444e-01,7.094486421397432352e-01,-2.662653008921201381e-01
7.059626006551100730e-01,-7.481853213473931286e-01,5.969691962480155878e-01,5.477025230889064344e-01,-6.401868762007747460e-01,8.909601450651953858e-01,-1.008224124115779219e+00,9.370674152276042834e-01,-1.258232495140328089e+00,1.193206258507359285e+00,-1.063352954890848912e+00,1.153774216598712155e+00,-1.114731490177190754e+00
1.136331372934894945e+00,-1.449855122898829451e+00,1.989533637107738562e+00,1.062727485223027291e+00,7.308546825529170787e-01,2.052330897055989478e+00,-1.658936867343934640e+00,1.600529981581785277e+00,-1.481804821526644167e+00,1.815893834386437700e+00,-1.711195193934282655e+00,1.612400676826231338e+00,-1.566212979981154607e+00
9.545621975596084718e-01,-8.967115457312181404e-01,-2.443650610413733160e-01,5.050421947001254575e-01,-1.016221686437706717e+00,8.189375197195708500e-01,-8.191828549101188850e-01,4.738723058922802989e-01,-1.161693800613237570e+00,8.040066604323060639e-01,-8.117418322181272350e-01,8.353441933040711698e-01,-9.262973617830586592e-01
7.318715902091964542e-01,-8.228082143604419363e-01,2.177269354953204894e-01,2.385030292927873830e-01,-2.554398968618821208e-01,-2.001205067663016368e-01,-2.035337929626505893e-01,-1.819432889158669187e-01,-2.448237615268524792e-01,8.394446037051571385e-02,-1.692652542401421600e-01,1.828219318330042698e-01,-3.263487152702864713e-01
4.794233052285916674e-01,-5.398151802393169607e-01,1.305029534069706232e+00,-7.545625010005344024e-02,1.448099852121622844e+00,-2.237365811146826144e-01,7.682496214436632664e-01,-7.581639021477161178e-01,7.821059508843155594e-01,-2.555707716283591169e-01,9.875504814159570266e-01,-2.744052501529428700e-01,4.229294315166462481e-01
1.708423662004462107e-01,-2.269889762545316547e-01,-1.018402140322464566e+00,3.340591197011876234e-01,-8.293062350585257425e-01,-6.216912073267664152e-01,4.075803530759276594e-01,-1.027506170117696849e+00,6.599713788375445311e-01,-7.307740852565576262e-01,8.191259385307791963e-01,-8.068361059257390666e-01,9.955100875153491957e-01
-2.651106816399229071e-01,-8.815150337808788650e-02,8.947564232296466580e-01,9.848829258650223517e-01,1.283758480873540275e+00,-4.253909509617272988e-01,1.172774076521987396e+00,-1.138396343843090408e+00,1.289620660435589317e+00,-7.909664719742138805e-01,9.489054846333125903e-01,-1.055482282882794332e+00,7.911580174262433651e-01
-9.755964430438536228e-01,1.609010358531325346e-01,1.139042772068153686e-01,1.056798807100214788e+00,8.134948683784055667e-01,-3.592790327594257982e-01,1.008882567654739271e+00,-8.802017275846245603e-01,1.285856419941345807e+00,-1.067610528059493857e+00,1.025246290726185006e+00,-1.103422379208956805e+00,1.004883840171814091e+00
-2.183659621278569940e+00,6.323517829877783880e-01,-7.283059838454913892e-01,1.236594123665530232e+00,5.313498158717247510e-02,2.194732749974050157e-01,9.108336208683835977e-01,-8.552340383587562211e-01,8.886395753089689764e-01,-9.981910795426960359e-01,1.124114038022779427e+00,-9.978510007007407312e-01,1.202278703096884671e+00
-4.554846945382494683e-01,-1.352459082718611150e+00,1.586729694924731371e+00,-5.793066484076637712e-01,4.633059044138628235e-01,1.006936253106748058e+00,-1.798547316887499081e-01,1.005952374745264999e+00,-5.744456087956871793e-01,9.301951148882533493e-01,-6.136739474484957935e-01,7.807621991773330272e-01,-6.719323996651159758e-01
7.187720813559803634e-01,-8.218198984436476673e-01,7.204935969414213437e-01,4.254695565176780936e-01,-8.685772909404066988e-01,9.000551937187847296e-01,-1.189094423119993138e+00,8.102311412345767350e-01,-1.161277141550198344e+00,1.247979918342562389e+00,-1.067466077570953464e+00,1.348245444500422385e+00,-1.022792866047419702e+00
1.143035330457250032e+00,-8.041757762526602349e-01,2.022742134278001203e+00,-2.198248896207058711e-01,-1.077017378567878964e-01,2.143481935783129178e+00,-1.574731362229559117e+00,1.971256312247237741e+00,-1.029471409886538735e+00,1.863154056267758207e+00,-1.756059184501508108e+00,1.685102538872884637e+00,-1.560343590487373033e+00
9.585518390508879216e-01,-8.971356459940592609e-01,-5.800343921214665688e-01,9.050534951244454396e-02,-1.231065466388773677e+00,8.863281512022793684e-01,-7.403660620812303472e-01,6.964818048607639422e-01,-8.651978375968395474e-01,8.590847516903461489e-01,-8.666366527495026340e-01,9.498270078223080004e-01,-8.735606029336482337e-01
7.341940532654417373e-01,-4.353477237441653047e-01,3.957274390584341606e-01,3.130687385359155472e-01,-2.559375001475939215e-01,2.397150928743416176e-01,-1.653952988011944333e-02,-2.819574185185551585e-01,-2.096470395290227218e-01,2.953793223501795517e-01,-7.408369671453142458e-02,1.629445130602963643e-01,-2.826876587939056162e-01
4.806378766082580745e-01,-3.851157251332040787e-01,1.881075926216725591e+00,5.699893371526376651e-01,1.450480900898278858e+00,-5.347949547375098200e-01,8.096808365681036346e-01,-6.050527285644399234e-01,6.876468332623851820e-01,-3.109347631681521062e-01,7.964960808598881004e-01,-4.206013662481531967e-01,7.826377619230647786e-01
1.748381773484497526e-01,-1.807911469731088294e-02,-4.127692688556218181e-01,9.871288217178739721e-01,-3.603236369407174511e-01,-1.339863237436131338e-01,7.258408372142258758e-01,-8.305005606490903913e-01,5.704519069713682722e-01,-7.904924797653827273e-01,9.521211078577414000e-01,-6.763683120583100505e-01,9.674026928629749777e-01
-2.577641889860948776e-01,2.691533312145047985e-01,1.398900902985579453e+00,9.646971855269910190e-01,8.512216337499995955e-01,-1.046100072326929142e+00,1.027022237840069740e+00,-1.265003335816931251e+00,9.049218012169812919e-01,-8.000077674761559843e-01,1.147461847497329712e+00,-5.398993982076460973e-01,1.119851150517962024e+00
-9.636461277782724100e-01,5.721160089173243923e-01,3.127684551395208956e-01,1.092065571897744114e+00,6.411109292884332733e-01,-5.311865984301638033e-01,1.334280586966224869e+00,-1.066783006873569528e+00,8.956975338701484990e-01,-1.036124799132198016e+00,1.071982643024935067e+00,-1.065836476480704009e+00,1.040638176026956518e+00
-2.161788338072990978e+00,7.808898475585180909e-01,-3.881470200899355683e-01,1.050870297522127350e+00,-6.498398679441664827e-01,-4.410197569514219262e-01,6.602290199258893377e-01,-1.108569462390854188e+00,9.847741250861477003e-01,-8.605022531561938859e-01,1.134853439794084373e+00,-9.646399577528829150e-01,1.337780228863910237e+00
-4.729081231477850755e-01,-1.339229098904225923e+00,1.966342016699734518e+00,-5.429629614210261801e-01,2.461145426434112604e-01,8.098709403783092009e-01,-3.385750608138683448e-01,4.899221634582953677e-01,-8.121342964436302214e-01,1.021859626121065734e+00,-5.753448626858526094e-01,7.987032057809054786e-01,-3.365721856358372399e-01
7.039429481972417912e-01,-8.613327626991331698e-01,5.931852998006398314e-01,6.521698734651750762e-01,-5.716223061890488566e-01,8.266437056499074121e-01,-1.219948023234027401e+00,6.869319585856857868e-01,-1.292511585697577070e+00,1.153454121878215943e+00,-1.056076194603934093e+00,1.202726080858436131e+00,-1.230894213547741867e+00
1.134459243065118805e+00,-1.621578409885858330e+00,1.264894172367013292e+00,2.815883262216432870e-02,3.658755947923613694e-01,2.093260269147387831e+00,-1.391937145618367788e+00,2.030236777636318823e+00,-1.178155006919445302e+00,1.846260685991250261e+00,-1.614844050760163574e+00,1.813278701511102264e+00,-1.365111607076934019e+00
9.534579705096866142e-01,-9.618972906244800392e-01,-4.979972225948613995e-01,-5.859116160061242362e-02,-1.425204786864787465e+00,7.852406006322032450e-01,-7.742807273447454008e-01,5.258914211636829261e-01,-1.204245428803688345e+00,5.217098290787693937e-01,-1.071894521228424990e+00,7.554975902555460809e-01,-1.135162601247345027e+00
7.316119694335352364e-01,-8.918547943321131211e-01,-1.187543625961919869e-01,-2.183376481825529680e-01,-8.177195102962092621e-01,-2.733261134615824761e-01,-7.742003402362393483e-02,-2.853386503987394573e-01,-3.496108696058721765e-01,8.423872196023320102e-02,-2.701255504219450820e-01,2.079664820236067357e-01,-1.611796381765530362e-02
4.796742126754067748e-01,-3.365310510903290475e-01,1.591181234025292213e+00,6.267724008504476085e-01,1.384940347154949736e+00,-1.101058382963703286e+00,7.249452330934420541e-01,-9.573693339858562190e-01,4.023079372853267111e-01,-5.000078106882983597e-01,5.146278585054956389e-01,-5.470020395879493513e-01,4.241298299674409189e-01
1.751904716654437699e-01,-4.523745767466106904e-01,-9.289147126263166410e-01,4.470444586164561973e-01,-5.442609083002432069e-01,-5.141651306524083198e-01,3.522985003242279922e-01,-9.997472515813302651e-01,5.851450555927060204e-01,-8.606666780534533157e-01,8.918317598931002621e-01,-6.510472208584946463e-01,9.303502496619581175e-01
-2.544311768673066521e-01,5.320882135131901336e-01,1.753720618150885535e+00,1.193929032061049167e+00,1.464991852280502549e+00,-8.755784701948233772e-01,1.111940811112093197e+00,-1.380998961289878313e+00,7.087943566737511247e-01,-8.533894256584002580e-01,9.910302589871013978e-01,-8.910493294806216547e-01,6.878107766845470428e-01
-9.593396461507803785e-01,1.120870040223960612e-01,2.272780172751150130e-01,1.080843791119423747e+00,4.517199878701059768e-01,-1.992288504294580098e-01,1.693773325803441976e+00,-1.093775162645512555e+00,9.584029906708908531e-01,-6.777214868395734504e-01,1.494922171157515800e+00,-8.877475378870492984e-01,9.351622192251053400e-01
-2.164593242957651320e+00,1.021630161679422999e+00,1.527031183939435155e-01,1.849428646788366715e+00,2.984949454659932000e-01,2.849014511236169778e-01,1.050332402252346808e+00,-9.598523665114021552e-01,9.034236857424905454e-01,-8.366445832410618344e-01,1.178935579851974502e+00,-1.122895712284561531e+00,8.918321726848275066e-01
-4.487280476961543196e-01,-1.352760189043367589e+00,2.137517764453425340e+00,-8.114170061419713476e-02,4.540716867173710258e-01,1.023692538235304594e+00,-1.566888261444375485e-01,7.444002333964304663e-01,-7.620150632952538139e-01,9.906690466712871901e-01,-5.793341416821433665e-01,6.428304757080149923e-01,-7.141501019749658674e-01
7.198656923683212083e-01,-5.883597892522935968e-01,1.018121522898357112e+00,6.653179314745825135e-01,-6.864486477294926559e-01,1.421649802393412321e+00,-8.295897283979110082e-01,8.217283710040393929e-01,-1.291850722343781843e+00,1.346572942563819986e+00,-9.645268367156949463e-01,1.140534697359891103e+00,-1.206911315120648975e+00
1.142246884906554572e+00,-1.523715417767559810e+00,1.759630108103502844e+00,7.036622156013522256e-01,5.436072769727086085e-01,2.829848026153424900e+00,-7.616266213943845287e-01,2.074110319716208295e+00,-1.288992912909061594e+00,2.035821701336324452e+00,-1.551372392192650551e+00,1.491904779443520290e+00,-1.871933516344658210e+00
9.568408946033906126e-01,-8.805430404748736395e-01,-2.674657723606950199e-01,5.507096379798754882e-01,-8.283036133449475091e-01,1.040755923419652174e+00,-7.755087305311159085e-01,7.105694907922915915e-01,-8.805118471627874088e-01,9.223947637552821766e-01,-7.560575614476866546e-01,8.816824118076768135e-01,-1.011531553490502944e+00
7.332539862593109303e-01,-7.252400505548544096e-01,3.997354640596381681e-02,-5.576406955969715612e-03,-4.607529518890099984e-01,3.776880933597598355e-02,1.287492693760262374e-01,-4.325948537099527647e-02,-2.160660688591745093e-01,2.309728196836572378e-01,9.670579169946900977e-02,4.100739537198232476e-01,-2.151862188037755030e-01
4.806542861890162888e-01,-6.285801179944776607e-01,1.310005138663493218e+00,2.230690589055251555e-02,1.081976379929253440e+00,-6.184519031743141992e-01,1.058476141140075599e+00,-2.580841420420932897e-01,8.547962365296095655e-01,-5.365578802191282026e-01,7.612873862022717653e-01,-1.683333885967919497e-01,7.922743877189081241e-01
1.764043597041696498e-01,-3.683069814407332054e-01,-1.016724641377057425e+00,6.787984745844473089e-01,-5.683283359826813985e-01,-3.865673669055857964e-01,5.183349350147250512e-01,-1.063099414828809319e+00,5.072146820122930277e-01,-7.695948190616883622e-01,9.961790951422648810e-01,-8.168065961910833117e-01,8.879580919524044935e-01
-2.520541378026786017e-01,-4.309959320314893372e-01,6.296804162964509954e-01,1.407500665271577800e+00,1.789061531313703268e+00,-4.716969770430703424e-01,1.175918193041048943e+00,-1.241560054800067814e+00,1.198056081326376754e+00,-4.714248686638299879e-01,1.181960650455603279e+00,-7.810608047118593467e-01,6.993873777654809887e-01
-9.538940353167665309e-01,2.117932652884457756e-01,9.245101954421103274e-02,8.274366532692543075e-01,7.578899098056552930e-01,-3.488728554011488736e-02,1.353783705712095164e+00,-1.110654382576625077e+00,1.117221422663165376e+00,-7.702093631972721788e-01,1.150062139173297249e+00,-9.025534256288165746e-01,9.360739947525251736e-01
-2.155248895308645274e+00,4.538280241296259732e-01,-5.660078076615446818e-01,1.332966038761515426e+00,1.735431340155468016e-01,2.667724682733430552e-01,1.035839938748778000e+00,-9.745043464905744912e-01,8.354313933170273154e-01,-9.732469872446088965e-01,9.961657531647439834e-01,-1.123113718361363089e+00,1.144548063417359041e+00
-1.742308717634930781e+00,-2.088648069050562661e-01,-9.805616032000874505e-01,8.306197571468560970e-01,-1.741247896751736413e+00,6.857225876731913861e-01,-1.103659863859032253e+00,-4.046144800379403161e-02,-1.201902803378620543e+00,2.481621626862045848e-01,-5.341288296149953041e-01,1.714963446885056642e-01,-3.327513744295108045e-01
