-2.247437298368336833e+00,-1.477887753289444550e+00,-2.399650534039412531e+00,2.745639504017341359e+00,3.439784636840626519e-01,1.286670753192241223e+00,6.397619251635207061e-01,-1.094788588627108455e-01,1.603444530777710986e+00,-1.005197079502909291e-01,1.372235458316256596e+00,-9.477742424459452142e-01,1.368524938206627128e+00
-6.500075198316882519e-01,-1.168976352302539601e+00,-4.717429331883331578e-01,-4.106441285508968808e-01,-2.870422335870155273e-01,3.896504500803253945e-01,-4.965382351740936784e-01,1.055371010752552907e+00,-6.956034628296409172e-02,9.327671923997409298e-01,-3.440067033591335255e-01,7.092758364027494933e-01,-2.001023911613491191e-01
6.151207836988319411e-01,-2.217122947093652652e+00,4.442947681649800362e-01,-3.440753365066668845e-01,1.321871133327101377e+00,1.107568937678255150e+00,-7.951980636932676205e-01,1.384586423964818902e+00,7.248910390007930193e-02,2.077099953936938359e+00,-3.722734697942204907e-01,1.775831376334034539e+00,-6.443651105755859865e-01
1.136905591000090698e+00,-8.769513911122873706e-01,-6.539202613874955938e-02,5.943739969869044071e-01,-5.319670882508760190e-01,1.295102909731455698e+00,-1.099757563903576596e+00,1.915185230226301272e+00,-9.884055307034654847e-01,1.774970174382030308e+00,-1.141554858805658101e+00,1.774142890833437569e+00,-1.459216094308630085e+00
9.633149714278108622e-01,-9.259076969596355955e-01,-4.090183796480212353e-01,2.374888898905631700e-03,-5.696546802149454747e-01,4.490355440174623736e-01,-4.756552184028617902e-01,1.078487370231922426e+00,-3.422411442365134726e-01,1.092413153573465801e+00,-4.405036725429232192e-01,1.087728196493582100e+00,-8.649977241245747628e-01
7.489333340804151806e-01,-1.152735579001230803e+00,-1.859993590459682600e-01,-3.068721315468177502e-01,-3.348049041639715173e-01,-4.855143090505974202e-02,4.057890947004250681e-01,5.645709205705955469e-01,3.694187567966377705e-01,7.368433497264090803e-01,3.561048239616825817e-01,3.763654067621156618e-01,-2.692415672906314783e-01
4.936569187127697877e-01,-1.177163761146108989e+00,-4.534072115773505884e-01,-1.699782189905268692e-01,6.182525139723434038e-02,-2.749783102053692807e-01,1.296952249982669780e+00,3.455326301020754109e-01,1.215918480102527122e+00,2.149350628452387502e-01,1.465647550457563231e+00,-9.393802755096640478e-02,7.768140230903690657e-01
1.777394725066422654e-01,-5.522419062647954124e-01,-6.417753713288686379e-01,4.171638518256581274e-01,-1.335423661987960864e-01,-5.007751688388447642e-01,1.033446924535728506e+00,-4.582493775581156920e-02,9.916755243929052943e-01,-4.174884881015961113e-01,1.396150293842223444e+00,-4.646788299510261067e-01,8.207290697755112996e-01
-2.603266256693567704e-01,-3.184678063050463415e-01,-7.240466302305740287e-01,2.654701903681355724e-01,1.536289547455006732e-01,-7.201506979322658264e-01,1.377910046192302840e+00,7.637035412755854846e-02,1.124701706942588864e+00,-4.701025185723120559e-01,1.699627312441164495e+00,-5.762466218584649802e-01,8.051598753061079972e-01
-9.932868983483910119e-01,-3.253443315258229274e-01,-7.066365845898586739e-01,1.463705750379352688e+00,1.521434720023868703e+00,-1.198371339720148532e+00,2.116539626519762685e+00,6.676784977902603391e-01,1.097172405655909788e+00,-9.999386809229767747e-01,2.075837634429259282e+00,-6.068507690715087000e-01,2.108373838222546703e-01
-2.253284446184264489e+00,-9.636338090215426644e-02,-1.282325409070730338e+00,1.415457487455743513e+00,4.967007794595783010e-01,-8.280535651265931163e-01,1.531134719895529850e+00,5.432701296776804023e-01,1.035238199602977138e+00,-7.710377384905663378e-01,1.943029721062769610e+00,-7.159936439109128026e-01,7.365383064480659492e-01
-6.772576367731281133e-01,-1.127535589274129668e+00,-2.690371636559134583e-01,-1.630907006542524351e-01,-5.107628135292441307e-01,-1.959575188833872772e-01,-4.087926590645727387e-01,1.219748580300492380e+00,-3.972805929064808783e-01,7.555151511849037549e-01,2.991015133924746980e-02,9.193854173389781614e-01,-4.053342706713375376e-01
5.939651004063616346e-01,-1.334642892813339810e+00,2.028636575262254382e+00,3.899726690049586386e-01,5.382777677964567520e-01,-1.215438790609676828e-01,-6.613925461277616602e-01,1.333990230777820862e+00,-1.383367898563516052e+00,7.393459311947123691e-01,-6.904664580211020697e-01,1.454107929392764342e+00,-1.368863856663361966e+00
1.123909382426371284e+00,-3.247814205590446868e-01,3.192983103635526065e-01,2.334532446667062500e-01,-1.336499849862903266e+00,1.626266872518601914e-01,-1.750485626331998557e+00,1.685450608108813420e+00,-1.156680075686289610e+00,1.791898832287593057e+00,-9.225863141678520840e-01,1.726955418086399296e+00,-1.978127471788704073e+00
9.563127147139344197e-01,2.161383729466360981e-01,3.584538715580189439e-01,-5.304950876587585240e-01,-1.936771036019198755e+00,-1.123542018067130943e+00,-1.369529817863498256e+00,6.759435303016403385e-01,-7.790490337161114498e-01,6.439133460968571310e-01,-8.506278236530424586e-01,9.124464886205889691e-01,-9.428701394693107529e-01
7.432918985314720395e-01,6.442667811694196001e-01,9.163190607990546743e-01,-1.131694860325801022e+00,-1.748436754932757076e+00,-1.863646823181508649e+00,-9.034245062352495026e-01,8.855812375018069782e-02,6.430953773923740735e-02,1.885797873399680247e-01,-3.771828603900687082e-01,-1.656192427268095377e-03,-2.382166926607905966e-01
4.894917753106896030e-01,1.172294834663919927e+00,1.041215106172221017e+00,-1.106312954668491111e+00,-1.291614376473554815e+00,-2.156149963997620933e+00,-8.626083352197926046e-02,-5.177403034312032526e-01,5.992113683165817273e-01,-7.444130156009282073e-01,8.201894406067399002e-02,-1.004414959846483102e+00,2.641756367653735338e-01
1.751701670770823005e-01,8.823565772727838263e-01,3.935395211394669412e-01,1.699220915895577333e-01,-5.749488073708726166e-01,-8.505506528970265823e-01,5.445700953673794364e-01,-8.496786552831724348e-01,4.268593770113136565e-01,-1.170122912963967643e+00,-5.885676771289957698e-02,-1.430183918788730413e+00,5.487564370791057078e-01
-2.596397771456459558e-01,9.540618520380010903e-01,1.919244368059679073e-01,-1.674515935333684147e-01,-7.370748238879768488e-01,-1.643811465438793862e+00,1.708818415955532244e-01,-1.324661882841840166e+00,3.674631653465419978e-01,-1.165543481746006194e+00,5.657513741387147910e-01,-1.057100082854565803e+00,1.148404314694980277e+00
-9.903427028203657390e-01,1.441404687886398861e+00,7.848102804234685648e-01,-1.150386483876375959e-01,3.509561380986606083e-02,-1.367909481682291650e+00,6.914074598539153849e-01,-1.598696402774069769e+00,4.446255904499556988e-01,-1.342010109666963213e+00,5.862388345592624006e-01,-1.268379918274987972e+00,1.164379898979907013e+00
-2.263820887450772368e+00,1.313816480102391937e+00,6.890233789412689158e-02,6.870083729401936790e-01,-3.879152151582950236e-01,-6.522298370810506452e-01,5.210349754826738566e-01,-1.212883874323562372e+00,7.123597110395061272e-01,-1.064127814478427192e+00,7.133397875831087864e-01,-1.371887389534741875e+00,9.349760445512310669e-01
-6.518479308787905602e-01,-5.962490056945910499e-01,3.634939621544545640e-01,2.172581251472917585e-01,-1.732612330419732172e-01,3.933611556194353542e-01,-5.569541864521474483e-01,3.742713715618042891e-01,-7.910267748740715810e-01,5.774412493345869590e-01,-6.092274843649585492e-01,3.910691688674429733e-01,-6.306627473611047252e-01
6.137309498261127594e-01,-2.378357233286379768e-01,2.377503003585299979e+00,-3.508815675694788028e-01,6.653098889673312311e-01,6.259182680830772671e-01,-9.153079473203526994e-01,7.420339768056477547e-01,-1.140417747036293727e+00,9.088326811786219261e-01,-1.369911846869544148e+00,8.604316566727879811e-01,-1.477120055819196809e+00
1.136784159149640594e+00,1.681987732457994877e-01,7.260882962872380331e-01,1.078412553007471075e+00,-3.608102156944827943e-01,1.340826026939690108e+00,-1.276091733590496213e+00,1.361036495338695973e+00,-1.758093040719652667e+00,1.135003169007868795e+00,-1.574350797633855992e+00,1.467171665228242494e+00,-1.946464510018178107e+00
9.629887315440406326e-01,1.097680916418394409e-01,6.596394666044669286e-01,6.273754830868131238e-01,-5.234782268339119859e-01,3.179039525900543839e-01,-1.026745911085930718e+00,3.367460061075966404e-01,-1.169193135071368461e+00,3.934869589038541560e-01,-1.073145122696667952e+00,6.440876115929746737e-01,-1.112646318323652350e+00
7.474237322115073745e-01,6.734555111051875043e-02,1.141857632196127570e+00,6.687382309485707665e-01,-2.404629157911080950e-01,-2.896142747330827660e-01,-1.405800715002030188e-01,-5.557098536322447879e-01,-9.076167560867093309e-01,-2.777067685530636987e-01,-5.287274684615790310e-01,-1.956005626221215266e-01,-6.368288220198974336e-01
4.920771390367096321e-01,4.384193359117197764e-01,1.295715386402663372e+00,9.985681082149785448e-01,2.587368937908282041e-01,-9.298114315004959440e-01,2.249517350173192431e-01,-1.275100607141268938e+00,-3.473725669169748786e-01,-1.232580258013742158e+00,-4.171507623198106307e-02,-9.313641733590287686e-01,1.893782624608517373e-01
1.779820436573363862e-01,3.729627950079201226e-01,5.215988541354137364e-01,1.423945932437286066e+00,3.052110112526557062e-01,-1.375037380089260408e-01,6.825015962278159209e-01,-1.214853716513026871e+00,-2.007583143963118377e-01,-1.442832119191311158e+00,1.778650996333706880e-01,-1.326697252127621240e+00,4.130527555971569842e-01
-2.588713582279190129e-01,5.086783333876990776e-01,7.647471394918449183e-01,9.796594742482038765e-01,-1.027995791780645513e-01,-9.355842165219188100e-01,6.052455407957543221e-01,-1.183166202343657547e+00,2.483107295570820272e-01,-1.309551541395517438e+00,5.068791796653645543e-01,-1.192692464725399359e+00,1.001526063797609334e+00
-9.931872407517997603e-01,1.735736215233500968e-01,5.703029290751028269e-01,4.399954636535498564e-01,6.107254977505258697e-01,-9.894333309167322454e-01,1.100784352898155127e+00,-1.279451324926911493e+00,7.432334990964895027e-01,-1.069649780982099063e+00,1.090752562884576671e+00,-8.851667234756879221e-01,1.184105136826048899e+00
-2.254381538383617212e+00,-5.266243204189478139e-02,-5.381581420188419340e-01,6.179542794717962639e-01,-3.122411132307864046e-01,-2.063969574031970511e-01,1.148953402797739498e+00,-7.377515521789792530e-01,1.070375976388258987e+00,-7.881096567032860323e-01,1.335097412895163593e+00,-7.781785380020663778e-01,1.399671860350870212e+00
-6.751334813656827416e-01,-1.254316705091164552e+00,-1.753298887900746617e-01,-5.950080501524099841e-01,-8.152917842351945499e-01,2.355277263756773154e-01,-2.547403522308068768e-01,8.796632088038219832e-01,-3.311894707234908086e-01,9.909418626841370870e-01,-7.793143468366285631e-02,7.982114581471527748e-01,-1.993155088676437092e-01
5.953629955818958708e-01,-1.951377069607514558e+00,1.736620465539248315e+00,5.509458653533855915e-02,5.698257293331896456e-01,9.290112829445230647e-01,2.150610566063231865e-01,1.659140603347510456e+00,-4.595731080803665547e-01,1.534102660641866844e+00,-8.006052988928327174e-01,1.221441612774722962e+00,-1.070765464094155295e+00
1.123732697940395209e+00,-8.895443159486076112e-01,1.634611652758611589e-01,6.163920008758522195e-01,-8.223560126680106164e-01,1.158888755656409808e+00,-9.399056021122604854e-01,1.893332442969494878e+00,-9.667286739575898791e-01,1.709912596445867239e+00,-1.347148335558274290e+00,1.740799207690881367e+00,-1.423372574960093617e+00
9.554076610574501194e-01,-8.845402882449225901e-01,-3.502357665922732899e-01,-3.533364785596700836e-02,-6.279857837419066113e-01,5.542950936367077031e-01,-3.415583269707880287e-01,9.449710356117472232e-01,-4.877829356201389133e-01,1.068723850409950771e+00,-4.902044827478365674e-01,1.179898389043634088e+00,-6.682717578716961260e-01
7.427098520641657320e-01,-1.151544995211827072e+00,-3.957123577742564513e-01,-3.220324256665337836e-01,-2.949294602486909889e-01,-4.019029012360785247e-01,3.884571681164611379e-01,8.704956577570636123e-01,2.788559135763833408e-01,6.103426461490939481e-01,5.068550508581091130e-01,5.274541313092685479e-01,-1.991656083010348577e-01
4.883935087092289851e-01,-1.055748463280208771e+00,-8.743654421184934300e-01,2.535772590136768923e-01,3.935966081264824501e-01,-1.079367733981741795e+00,9.492638852638155544e-01,7.150167955278383669e-01,1.088863924369893654e+00,-3.333489346408722853e-01,1.337386932866515554e+00,1.514131200798327949e-02,1.613792279115182915e-01
1.747820853503428418e-01,-5.706225356879151001e-01,-1.184251672297892632e+00,5.454777168130218179e-01,3.926215745853985362e-01,-3.800067597342241532e-01,1.029965107384642087e+00,7.077051146696480832e-02,9.236083494798720261e-01,-5.262013721305918157e-01,1.518801242546225838e+00,-2.687911919391709481e-01,6.342613951522255711e-01
-2.592456580165923841e-01,-2.692533265204705151e-01,-1.002497053653744086e+00,3.881282365285322888e-01,8.110014182710351127e-01,-2.760826924654413150e-01,1.008784996947585944e+00,-4.051361362973389113e-01,8.735080262593437617e-01,-5.463214456999758717e-01,1.497324528500428409e+00,-7.293263571345321994e-01,8.470160765613292675e-01
-9.913802620380149921e-01,5.462187789188099885e-01,-6.106371687047824626e-01,5.802257437898519221e-01,2.043577643090214391e+00,3.381587378538587485e-01,1.481669646319405009e+00,-1.153027580607419056e+00,7.793984015980572888e-01,-1.106297540614731068e+00,1.208300607290945239e+00,-8.216826475091486559e-01,5.184592735685078502e-01
-2.264847104454575710e+00,1.512655589164037417e+00,-9.760508035359263257e-01,3.278514551757213402e-01,1.061770324585225689e+00,9.207896147737510972e-01,1.057595075081240843e+00,-1.422166589091568678e+00,1.701306916342133491e-01,-1.621829155318679216e+00,9.922356737179083286e-01,-8.689680380599021925e-01,9.232546490621651447e-01
-6.509663703783918898e-01,1.353966817954800617e-01,3.403441793171345098e-01,-7.765758322875072617e-01,-4.250755281924502582e-01,8.571932875235457328e-01,-3.210856710478074971e-01,-3.978754794542622986e-02,-1.606588388956931013e+00,-1.151454898445514186e-02,-6.514340238440561315e-01,6.397931821049149814e-01,-6.429679527292500030e-01
6.131156115134059892e-01,6.588723305638232164e-01,1.520618214844006832e+00,-2.606098906823124395e+00,4.127826646894316998e-01,1.916360121739360656e+00,-4.795884365202521815e-01,-1.053610742418939900e-01,-2.168178171560945167e+00,2.013234371857319516e-01,-1.560179164925022288e+00,1.361808832700506677e+00,-1.065422629115300834e+00
1.134323311284380686e+00,5.922783592869690361e-01,1.868034429388034101e-01,-4.261252415631996415e-01,-8.109113952083271126e-01,1.674367918875475647e+00,-1.265323857697587373e+00,6.543210697912038576e-01,-2.449558775985659853e+00,6.831717757445241457e-01,-1.822754862367450102e+00,1.665595870447698967e+00,-1.415911491449771242e+00
9.604166939168311545e-01,2.136396155327671686e-01,1.386560453488868971e-01,-2.925521786443553984e-01,-6.729483988432387598e-01,7.033864467236069506e-01,-7.149907450158549116e-01,7.021991630674569163e-02,-1.630078253113953046e+00,1.591076537523886114e-01,-1.122174857194838005e+00,6.717407389090550573e-01,-9.940499608284710797e-01
7.456998623347071975e-01,4.408286567638167730e-01,6.053596217828473014e-01,-3.023968615070736221e-01,-1.196565667537560079e-01,3.701497650947464524e-01,3.493679014433536678e-01,-4.330846548878076741e-01,-9.960236890893359174e-01,-5.252865886077975333e-01,-6.777334258515955723e-01,7.772763153503248548e-03,-3.384919195648397050e-01
4.927356311193014649e-01,1.136268708001180405e+00,1.122136390156105890e+00,-6.182152496765190575e-02,3.230145885443904685e-01,3.427772355398944759e-01,1.194577913362260713e+00,-1.362705149074447286e+00,-7.840490152215247033e-01,-1.423497822613105424e+00,1.029409476368227799e-01,-7.300023697333799522e-01,3.148280523904179451e-01
1.789164712793269163e-01,9.968542104577904350e-01,6.546521524225105138e-01,7.385338736934479176e-01,2.356032325584145048e-01,6.928115262570372357e-01,1.176077466321910903e+00,-1.372930712703246181e+00,-3.949776649832192343e-01,-1.492069230956898362e+00,4.594415741307922851e-01,-8.004994084245530273e-01,7.570598013928768744e-01
-2.560980443765110137e-01,1.185191773160835238e+00,9.625367040212534642e-01,9.467124687816268480e-01,1.959444008297764883e-01,-2.357953996028594179e-01,1.010155615059191492e+00,-1.404449417464979977e+00,-3.105473695619698563e-02,-1.384866578486185551e+00,5.306398351109239409e-01,-1.380847779299142930e+00,6.468018808014711629e-01
-9.869894631856410694e-01,1.667797098090227026e+00,1.612786876053039498e+00,6.811769927508826150e-01,4.824997584131585637e-01,-3.462082047112214345e-01,1.612451783849774722e+00,-1.912761405085718902e+00,-4.943315905723154602e-01,-2.039199401666297540e+00,4.255486304936090258e-01,-1.274510506021600653e+00,8.532730752124678686e-01
-2.247462804883594512e+00,1.624477662764742592e+00,1.011786244577227878e+00,1.611173524688893410e+00,4.470820291227921295e-02,-2.162217008784712846e-01,6.604239132689235792e-01,-1.536304770520179552e+00,-5.708693268346324429e-02,-1.732015017668125934e+00,4.469703504270646222e-01,-1.495949270547153986e+00,6.815508888957216849e-01
-6.763129514966217393e-01,-2.134127115043749634e-01,9.504125435782119213e-01,3.177689407737965266e-01,-5.178219513177212407e-01,2.096588548955450118e-02,-7.396707100851274141e-01,2.031629264397137591e-01,-1.187607944241946933e+00,8.054072773762499526e-02,-1.006931903233472481e+00,1.800313701995253368e-01,-8.051372944880149651e-01
5.943127324547865520e-01,-4.576218960585583528e-01,3.005899649716661237e+00,4.148028292670513095e-01,5.817621195287777658e-01,9.743240148993391747e-01,-2.722506574262713586e-01,4.902638020940195962e-01,-1.968294841974561615e+00,5.945031112991770034e-02,-1.989841728247237596e+00,6.261743631249779840e-01,-1.705834091675497044e+00
1.123585112909249117e+00,-2.074811245095338139e-02,1.122693245597783163e+00,1.455088195303592569e+00,-3.421255162054062104e-01,1.768307290585175551e+00,-6.307314505645708058e-01,1.578206650009418954e+00,-1.740381864608827156e+00,1.060919997548338767e+00,-1.665696226858737861e+00,1.510665947600363657e+00,-1.795867286131141549e+00
9.538745792435111559e-01,-3.259071944153522082e-01,6.118451435103028357e-01,9.377633668579878901e-01,-3.062339462966324199e-01,7.523450479659002932e-01,-2.008546308309847039e-01,1.002582003214923967e+00,-6.494154742346395226e-01,8.456421751262297448e-01,-7.158540415812346680e-01,8.668762318899524422e-01,-1.009570262292047715e+00
7.404057483712696008e-01,-5.743960583072243997e-01,4.315877773251816651e-01,4.410906158402171096e-02,-3.587925778139624544e-01,-1.607878366041016749e-01,3.617177886024853239e-01,2.552888451546469484e-01,-1.044620475155832173e-01,3.852091702658276273e-01,2.323152924075627956e-01,4.968403644142053710e-01,-1.480639511708111145e-01
4.878484692762085628e-01,-5.365557627853758671e-01,2.348735634658279114e-01,-1.225249487697143008e-01,-1.133705643014104036e-01,-5.067094983536151176e-01,1.073052318935740379e+00,-5.216900162525409668e-01,4.536277451615707834e-01,-3.999465444182738749e-01,5.673684299415822085e-01,-7.397296544615108438e-01,2.410912295585097009e-01
1.743764812231587691e-01,-2.815434420906633428e-01,-2.401179866954059883e-01,1.096043012461085098e-01,-4.197633503184450832e-01,-2.968685006947337501e-01,1.251706595660027288e+00,-2.729990387267002827e-01,8.281575450121214654e-01,-5.469100495920378169e-01,9.327900250701985918e-01,-8.479109444551474750e-01,7.146406228233568303e-01
-2.576524440660069026e-01,-2.800739972347644491e-01,-1.037832304062457633e-01,3.568620684601989113e-01,-7.424469625681315299e-02,-5.233837172534394622e-01,1.083492892477439851e+00,-6.040458367781524895e-01,1.043867140790462056e+00,-5.559506781905998452e-01,1.212656802476681506e+00,-7.415045926180476865e-01,1.047302165391109874e+00
-9.883620629780467404e-01,-3.946031837048776247e-01,1.973466624728643093e-01,3.190193158202678236e-01,4.370652405081161263e-01,-3.589921456911691067e-01,2.013749449506357703e+00,-6.409376017950448867e-01,1.203281536062677182e+00,-5.592513125523677076e-01,1.368953502525441790e+00,-9.875212105513889727e-01,1.150629958362966443e+00
-2.259790869967051918e+00,-1.892508587156824518e-01,-5.607135711266417744e-01,4.989455005298960577e-01,-2.486098296124615858e-01,-3.843875906385323948e-01,1.244063422027071653e+00,-4.418551809648665896e-01,1.213635353099918213e+00,-5.002898613571382658e-01,1.484044605622748314e+00,-6.759252007905695026e-01,1.259232765698001355e+00
-6.500331395247546107e-01,-1.285183604933437973e+00,-3.133004867263033955e-01,-7.942060283448268976e-01,-8.605425047818782147e-01,1.045321900076399552e-01,-4.217272972215258542e-01,6.414898743978585394e-01,-5.345761135820775722e-01,7.852763162036362488e-01,-4.255622348355047047e-01,4.683835007889262103e-01,-5.853478062244600322e-01
6.153033576726021359e-01,-2.221292066843449931e+00,2.092045451387812560e-01,-1.041656788308549464e+00,1.260454032931369373e+00,1.246097507787073511e+00,-5.719772826587221637e-01,1.404490822903520675e+00,-1.854155894990953124e-01,1.875589466063870780e+00,-8.130512606604598513e-01,9.454639614063783393e-01,-9.886322104189738669e-01
1.136608688919171106e+00,-9.938748469088036774e-01,-1.416756193628818439e+00,-1.775620040378468600e-01,1.116898943716540665e-01,1.437808621334385029e+00,-1.663791255970109351e+00,1.895102347576617774e+00,-6.479268685206818201e-01,1.852436807642306116e+00,-1.215504780048358047e+00,1.921844684185194829e+00,-1.152457615959228132e+00
9.623150828994352368e-01,-8.298516518641514406e-01,-1.198360205734617212e+00,-3.888729560772898886e-01,-1.878955508100506322e-02,5.890942040144691028e-01,-1.018367010495404346e+00,1.004576950274393088e+00,-1.580016693631198510e-01,1.056194007258223655e+00,-6.898053144281246496e-01,1.135176389444283673e+00,-4.788214215138794083e-01
7.472221520642481352e-01,-9.671523726121787901e-01,-1.275813766008256245e+00,-7.372619088443287394e-01,5.524017797312268385e-01,6.378070932841230223e-02,-4.954955061268264682e-01,3.836352614055878463e-01,6.616671557428404071e-01,5.883409774682942794e-01,-1.385424870513097262e-01,3.860617425087213284e-01,1.610286483361005605e-01
4.911648432980329493e-01,-8.037595548834642889e-01,-1.369981212457196840e+00,-6.171610458113867548e-01,8.079572579376156360e-01,-2.805718845294316033e-01,2.310188930164983057e-01,-3.332913325644237812e-02,1.480762451104538746e+00,-1.237143369451332159e-01,4.508132791985471344e-01,-4.538873222861541934e-01,1.136960777571017989e+00
1.758579214159134707e-01,-2.019202027392479892e-01,-1.101608619902352260e+00,2.091991948060666906e-01,5.317408817406573673e-01,1.475348277079971959e-01,7.919677576918426887e-01,-3.090226567068441454e-01,1.206514389501810225e+00,-6.011688990997609006e-01,6.195775729273262922e-01,-8.526777711313907604e-01,8.065546620397016087e-01
-2.580206363062610420e-01,-2.776715123670004184e-02,-5.957935632633528655e-01,4.748537233767651800e-01,7.721502028905449233e-01,-8.569383880346478910e-02,8.559541737230096370e-01,-5.198318531138279575e-01,1.215344909576418608e+00,-6.795384301303248886e-01,7.843934927539325530e-01,-9.643994256148423760e-01,1.096479820022264295e+00
-9.912183881810697761e-01,6.484096417239116894e-01,-6.883985408949513940e-02,1.324722289570542666e-01,1.439900426573967218e+00,1.643745561920296194e-01,1.304556214842685247e+00,-1.317989689095119488e+00,9.824557503955057003e-01,-9.823982339064047942e-01,9.718452374202488642e-01,-7.854342507509357585e-01,1.219857546695547468e+00
-2.253285638659437762e+00,7.437130390651259804e-01,-2.563531220202645011e-01,9.713401571937827494e-01,3.727777284909545297e-01,3.547643965148931933e-02,8.424022894175982046e-01,-1.028847955591368768e+00,9.232724369959607325e-01,-9.928204823390457401e-01,7.433570095552192170e-01,-1.349391049687980848e+00,1.108999153599742993e+00
-6.747036418054639384e-01,-5.451552676387825258e-01,5.204198012305953913e-01,5.043126835628367610e-01,-6.059292457579954633e-02,6.635505851105208963e-01,-2.963585002447753913e-01,5.784204888916770759e-01,-8.115554062096093091e-01,3.281681255650336082e-01,-9.100874930456507306e-01,7.434463013586259383e-02,-8.884296111947727059e-01
5.959832026826055174e-01,-6.662808335950189953e-01,2.464195341023857289e+00,8.266079820952354495e-01,1.287596381061839157e+00,1.094777196699946664e+00,-8.225152469307271952e-01,3.731676309874502606e-01,-1.576812843991665103e+00,2.488571163355013105e-01,-2.120021528241219588e+00,5.833650206614382494e-01,-1.287134152103377005e+00
1.125690640702531997e+00,-3.241785473032851583e-02,7.387082471067760725e-01,1.437210953712875661e+00,1.708971733364806345e-01,1.748325090456829933e+00,-1.265655753767997327e+00,1.553296125784119575e+00,-1.499702041055198221e+00,1.082561827381787634e+00,-1.997971177899900308e+00,1.085447954544021654e+00,-1.835009870339968430e+00
9.566079271264377182e-01,-3.692209796750271500e-01,2.535958202065161093e-02,4.625280618700365887e-01,-1.625101303849394718e-01,6.399027786574523757e-01,-6.428766900880247270e-01,8.846897956343887648e-01,-6.145047503460020488e-01,7.033090156398400516e-01,-9.254121689384038341e-01,8.133008210799578253e-01,-9.970919255756865995e-01
7.416675930785565640e-01,-7.803000809541114080e-01,-2.168946333212755373e-01,-1.805684466290249091e-01,5.074802421881365738e-02,-1.550431951964595934e-01,-2.443688897171714947e-01,9.897576592860861389e-02,1.351119352856075817e-01,3.487136606191982291e-01,6.700790873452888881e-03,4.770817134169049734e-01,-2.847746112240953295e-02
4.880822700158868321e-01,-7.998323608019568542e-01,-5.072291326062818850e-01,1.190110830262562924e-01,8.945969660829754533e-01,9.091760006297644470e-02,5.567455202376696555e-01,-3.058944929130195112e-01,1.086492162784958415e+00,-3.635909017698754075e-01,4.124579046104466240e-01,-6.348747824826312947e-01,6.240704150513867177e-01
1.756320652549061279e-01,-5.134960746917944796e-01,-1.472329280936199636e+00,4.121256078271923751e-01,8.979267797982101174e-01,-5.174210021583094954e-02,5.126181362033539052e-02,-4.720161670446103019e-01,1.544042181239835276e+00,-3.324620004620114644e-01,7.897553003589395937e-01,-5.910199503535630283e-01,1.183189251624687577e+00
-2.580572803178833863e-01,-4.751644113462415997e-01,-2.140712797105000398e+00,9.075883976383138096e-02,1.272452397787954714e+00,-3.126263930838448779e-01,-2.375003658450988986e-01,-7.573267757220960572e-01,1.811452578795017976e+00,-3.246231738240495934e-01,1.119010003807076270e+00,-6.320900744642262703e-01,1.296565490828025746e+00
-9.877237456767010704e-01,-3.361647920319740107e-02,-2.376225795838270649e+00,1.110676152271873773e+00,3.233671935672134179e+00,1.417611270336777418e-01,-1.174618305475473995e-01,-1.419416169605332678e+00,1.877630214459110158e+00,-6.350061257179815399e-01,9.404648119548093543e-01,-1.317246472003788638e+00,9.243699745076908725e-01
-2.258499488273839617e+00,3.475809546873311062e-02,-2.703868565164285531e+00,9.271731513617135212e-01,1.965021244374918208e+00,4.332210926086492164e-01,2.570046634683294251e-02,-8.676028324394305935e-01,1.623338924139150263e+00,-1.702245091964311730e-01,1.315054439503742900e+00,-1.370233218732118008e+00,1.047039991638176737e+00
-6.473524173879608989e-01,-1.056641343288497792e+00,-1.159134933642912868e+00,-7.668080397376905166e-01,2.558882465555445962e-01,7.724529557546995218e-01,-9.461503145877081522e-01,4.902168126065508669e-01,-1.043187583484466857e-01,1.141633874349967881e+00,-2.997666650934925348e-01,5.201452776659459820e-01,-4.468225642300148182e-01
6.154583107317603830e-01,-1.554221599099889106e+00,-5.438976240265470247e-02,2.154403441734922126e-02,2.457287510943567899e+00,1.467755310067426544e+00,-7.881452747215067500e-01,1.319161650658869256e+00,-4.026916029887225301e-01,1.640666957836005579e+00,-1.036821266022766697e+00,7.754783077548873527e-01,-1.408549926444816469e+00
1.136415213031028548e+00,-5.965959833749883146e-01,-4.399651051922803813e-01,8.855109983290848641e-01,4.263004939768539892e-01,1.935134554449579936e+00,-1.184728510671367419e+00,1.811627880075726837e+00,-1.008259716531980876e+00,1.648223993684866162e+00,-1.391173637216755576e+00,1.463839728305125654e+00,-1.734949116016494930e+00
9.610671468822068464e-01,-2.921017937523189834e-01,-1.473462392799275433e-01,4.902669311980512590e-01,3.538265851693146724e-02,4.980836075102506033e-01,-1.215708690922491009e+00,2.526625416024785298e-01,-9.747961657123487278e-01,7.055893639212795776e-01,-8.473747453919260320e-01,7.578558582884293848e-01,-1.125145528397484052e+00
7.463380651433427770e-01,1.765831538758623753e-01,2.989830623938307119e-01,2.660698337009219094e-01,7.475367731584717790e-01,6.193178244553660949e-01,-1.088678513477263632e-01,-3.229610197078234268e-01,-3.874773948149725644e-01,-7.073323290682988207e-02,-5.256092686602624742e-01,-3.556155545973107429e-02,-3.006487224737571795e-01
4.929524411338905843e-01,7.988821826724388231e-01,2.326432827055172070e-01,2.071688297261423950e-01,1.457744574073626342e+00,8.328533255021589587e-01,6.321256625751763281e-01,-1.103729849818815056e+00,2.517520111633476665e-01,-8.918405539872870103e-01,-2.715461528570350391e-01,-1.236230799641228950e+00,6.195162402350660180e-01
1.787204002811939862e-01,1.038691237395042988e+00,-2.910631463359745208e-01,9.768959899817883374e-02,7.105656274191860522e-01,9.313001205242549263e-01,1.089802851541669559e+00,-8.780411590674112032e-01,3.891395958669836563e-01,-1.229810457135188884e+00,-7.390200703363372647e-02,-1.375679010004890346e+00,8.437392613935380536e-01
-2.565204974140280481e-01,1.269664071437239139e+00,-7.238889949497764320e-01,-1.123952320282579631e+00,2.866886859667985843e-01,3.407775863242420433e-01,8.616057776067861385e-01,-1.489170008778712306e+00,5.541490715068511652e-02,-1.647099011095773946e+00,2.160805534840927744e-01,-1.013283951425009377e+00,1.285704133248186665e+00
-9.877899073432045984e-01,2.074622104617080520e+00,-6.275374070978921859e-01,-1.761347982320000227e+00,6.352405282679786103e-01,3.278848149902111042e-01,1.518577707590094139e+00,-1.477681444624512785e+00,5.944754018067072154e-01,-1.640831856412326983e+00,2.508631932301199075e-01,-1.096034230179288693e+00,1.790772990214380300e+00
-2.249472742574064377e+00,2.276594051388738826e+00,-9.242073098875869253e-01,-1.481317979056115064e+00,-9.394852860286768692e-01,-5.862304566894592783e-01,6.261213754261136799e-01,-9.801165577490558167e-01,1.055553527733054109e+00,-1.256612692383335173e+00,7.151160821963369330e-01,-8.271154644675874357e-01,1.824488218218321522e+00
-6.749327625163200617e-01,5.356890126527578122e-01,1.114309709660929876e-01,-1.864590336662437009e+00,-1.765663795918629653e+00,-7.385494766632842989e-01,-9.655362381203611566e-01,2.936140882309045685e-01,-9.139899736794984131e-01,3.071203581410715810e-01,-7.743658705508176254e-01,6.240303879072403026e-01,1.299894699275196130e-02
5.966487345440948387e-01,1.380977692863296635e+00,7.168445213979532937e-01,-3.878580957811508245e+00,-1.411796171534227762e+00,-9.523709247374750886e-01,-1.535179151658184082e+00,7.248533813701985018e-01,-5.921662908993828855e-01,1.137553525591777692e+00,-1.210482145509379936e+00,1.573943414506191463e+00,-4.047800552891471226e-01
1.126484772284556790e+00,1.873401984282800248e+00,1.950177426160010219e-01,-1.979127583512476862e+00,-2.352489505542933568e+00,-3.940646509204641101e-01,-2.308393462232059878e+00,1.471189542700395370e+00,-1.035065914374730722e+00,1.592164792494351389e+00,-1.440679504197048599e+00,1.708843559779817722e+00,-1.327794520066538420e+00
9.562352171385918309e-01,1.312379966352054783e+00,1.462039038170113436e-01,-1.543475257368449816e+00,-2.143322841561111858e+00,-1.577438860446851665e+00,-2.074523092861892071e+00,3.772361419856013476e-01,-4.582171614199846976e-01,1.090213537052723725e+00,-6.093839042362506619e-01,9.353943899005667806e-01,-9.540904321916057196e-01
7.442488848685541170e-01,1.579745879061930092e+00,2.882275316711616076e-01,-2.246772389092341449e+00,-1.993819850669203753e+00,-2.378325397104631644e+00,-1.906081719308571731e+00,-4.371918632038742092e-01,1.832159218676158441e-01,3.811279408309742878e-01,3.073568246761206740e-02,4.486950480829322574e-01,5.042860656583893729e-03
4.909121585974269841e-01,2.131906401378600435e+00,1.249195585967306926e-01,-2.389757601093499328e+00,-1.728649096934901097e+00,-3.136879903406270653e+00,-1.461159795529490601e+00,-9.132645305831335047e-01,1.170253607713892308e+00,-7.603718248965297966e-02,5.348819453453116379e-01,-4.791576882525668823e-01,8.559796784518819424e-01
1.777079608260677124e-01,1.916335016036999850e+00,-2.929182007335023319e-01,-1.873498182504013343e+00,-2.025871423398246218e+00,-2.785267340302771455e+00,-1.269305611032917058e+00,-1.123171099563842867e+00,1.248018168275268236e+00,-1.412592095536300274e-01,8.849924616480309147e-01,-9.939788167577309208e-01,9.108588318229704495e-01
-6.485797575166479811e-01,1.343658317966928140e+00,-1.355516102591437955e+00,-1.097754528909695049e+00,-2.405449006014229951e+00,-2.268953857301874599e+00,-9.560493835180091660e-01,-1.003827918975493283e+00,1.304254276855788763e+00,-3.587455610877231943e-02,1.033530188380845205e+00,-1.087671912438838540e+00,1.129420501675979072e+00
