-8.879663802147037543e-01,-9.369355733988682378e-01,-2.505106635655406366e-01,3.065408185978820033e+00,3.497179632777984160e-01,-9.720621540976345787e-02,9.901722336862809337e-01,-1.091366534790325193e+00,1.217397003354182328e+00,-9.898460671817700396e-01,1.185947391805581175e+00,-1.237047165901910217e+00,9.424459943024771080e-01
-2.037321942674283015e+00,1.399937296299258893e+00,-5.281744909723384840e-01,9.936906181991580489e-01,-3.125665048284315128e-01,-5.924178894768692416e-01,7.425039791773799802e-01,-1.219950430134923103e+00,1.187707406852330783e+00,-1.113021973127139796e+00,1.201981611475275269e+00,-1.265150395853049448e+00,1.287920047857250561e+00
-1.254484257727203733e+00,-9.483967434965870913e-01,2.375303715281340822e-01,-5.323883042982090474e-01,-1.131111184397000091e+00,1.262903249161790586e-01,-8.043803304470258375e-01,2.961934460338124797e-01,-7.524445226036567957e-01,3.123095327454334380e-01,-5.129374250426899096e-01,1.859506869442462129e-01,-2.897236479586750013e-01
2.780665285316588076e-01,-1.662262088328577692e+00,9.800354099506038141e-02,-1.136964561865114742e+00,-9.332754563455886165e-01,5.831146591909518520e-03,-1.036823486571198494e+00,7.884150280305632918e-01,-9.795477227223919892e-01,9.450040807492462447e-01,-8.600766409146634039e-01,8.542718963442681446e-01,-7.496063298223921700e-01
1.190170410675424284e+00,-4.659923921483999920e-01,-1.621880574873141578e-01,1.437793937994818139e+00,-1.139182512321751384e+00,1.877177433769206205e+00,-2.070747318898162437e+00,1.870126779374957859e+00,-1.590026772473730476e+00,1.479082182767841092e+00,-1.866837540667974471e+00,1.680186610341600106e+00,-1.679553577314420787e+00
1.051793445106128377e+00,-1.548172800334449706e+00,4.652167362127899303e-02,2.901519513811067208e-01,1.013435416814191699e-02,4.239975538017863865e-01,-9.919969307305257500e-01,1.309912597414380597e+00,-9.296989796480060742e-01,1.117483925673117273e+00,-1.036486226414006007e+00,1.264865505805451651e+00,-1.209692883972723232e+00
8.361332022769264460e-01,-9.660242078454895909e-01,8.280809556756351109e-01,-2.909997017129067332e-01,1.138498931344151366e+00,-7.141457123654663952e-02,-1.463697170760101252e-01,5.038473114534917086e-01,4.344920666063329523e-02,3.515517445625093162e-01,-5.063977635098355634e-01,6.824109522273991146e-01,-9.483003899398691205e-02
5.767451611589281546e-01,-4.436061706413612082e-01,-9.243182137141983667e-02,-9.100356944890880539e-02,1.227261775519685738e+00,-1.005323158013412987e+00,2.840305450192400771e-01,-4.441779295810564521e-01,7.646765914680555554e-01,-5.729048631044205697e-01,6.031463579559968036e-01,-5.742909359175431966e-02,6.564482183985893560e-01
2.593858848172146958e-01,7.135994380621207833e-01,-6.389653713659326773e-02,1.165049187845072831e+00,1.272308383008016408e+00,-1.029283482064969890e+00,8.505754109508149030e-01,-7.695504856827521944e-01,8.484775889103395308e-01,-1.068465254360266847e+00,9.246973374823466152e-01,-7.303337214020493295e-01,7.051253005054466394e-01
-1.800626231786739972e-01,4.111654532924299832e-01,-7.122912432044752329e-01,2.901770363973977251e-01,5.320638463142952634e-01,-1.506801140962662933e+00,6.973428818783964367e-01,-9.145320303361337277e-01,1.149610812730614162e+00,-1.128805600643942419e+00,1.069501954744744188e+00,-6.332320675603941851e-01,1.235143930355223851e+00
-8.713712382178955274e-01,1.830615244603588820e+00,-7.585297098617386213e-01,1.395901091450745701e+00,1.008061201654451455e+00,-9.901522466354516494e-01,9.154161969666569920e-01,-9.253133789270749920e-01,1.127209353583175977e+00,-1.136710257859558038e+00,1.172410471274124566e+00,-1.113912338405576907e+00,1.001686758018884182e+00
-2.018906197148738979e+00,1.283296429709647857e+00,-1.840168784992592288e+00,9.349688233910340429e-01,7.301393780823761670e-01,-6.286295637973091655e-01,8.206547056024590114e-01,-7.867062179624252360e-01,1.219197881084826074e+00,-1.198854222090318666e+00,1.385975122929386627e+00,-8.024883842666382661e-01,1.437529247232722351e+00
-1.214487661594942480e+00,-7.511435617181914104e-01,-5.972174420697869968e-01,8.431495746157292581e-01,2.836835287453995380e-01,7.682479847880167856e-02,-1.092390114590658268e+00,4.837758104513919521e-01,-5.359147026703150463e-01,4.879504684381973378e-01,-2.292755040495139396e-01,4.297936096769630621e-01,-5.555147436705377695e-01
3.046707497032016820e-01,-8.149790823628753067e-01,-1.411013051117342210e+00,-9.214936033697915807e-01,4.890142172120819919e-01,-1.882372366715084622e-01,-1.339425836056896468e+00,1.259419551760664113e+00,-8.243359453243338519e-01,7.783631343283686777e-01,-7.374150745018869246e-01,1.225789124996466750e+00,-7.813515182228837341e-01
1.214620470684383946e+00,1.204456664507993352e-01,-2.107981079311824324e+00,1.344536383561770299e+00,3.532246661989912884e-01,2.522739597193899730e+00,-1.739271665217310581e+00,2.042597316109372674e+00,-1.948104172313989135e+00,1.320610987602230280e+00,-1.653802481306273719e+00,2.041231270385311714e+00,-1.411292063860085877e+00
1.057973126713953826e+00,-1.127366536858138479e+00,-1.888363533401752337e+00,-1.502674064145364197e+00,8.452434272894473466e-01,1.294163917270941377e+00,-6.545434934358808077e-01,1.356450379852035093e+00,-1.201668875713010509e+00,9.057243243092176765e-01,-1.105749040162607333e+00,1.469119413804587770e+00,-6.311198764663314975e-01
8.383589628368379731e-01,-6.870683173080985862e-01,-5.401121905345579455e-01,-2.026566038203893694e+00,1.984413461487297914e+00,1.692116312978314108e+00,4.023591489334874538e-01,9.043820760111537238e-02,-5.295761842744216574e-01,7.973317847671745895e-03,-6.049585814750986223e-01,5.606710341632360484e-01,-1.297786209381365519e-01
5.799104942110230310e-01,-5.865562048407774176e-01,-7.135564160997879268e-01,-2.582074317206481506e+00,9.079922534611498675e-01,-3.066127529545275010e-01,5.880451181118252491e-01,-3.592954917732025799e-01,8.036061395198480506e-01,-4.439194595795280529e-01,6.921121540437189523e-01,-2.618937141723666762e-01,7.090096775805678764e-01
2.667934363594575697e-01,8.047317539918155127e-01,-5.679281379130080021e-01,-7.475465303517976334e-01,9.422077471313083930e-01,-8.182775760915964591e-01,1.079660513881925077e+00,-6.120393633240517328e-01,7.287821475217475253e-01,-1.070574735394702381e+00,7.820988320418941209e-01,-7.311417250248911648e-01,1.092954597810606998e+00
-1.683979552754663878e-01,3.705244265170908324e-01,-1.308675525531073136e+00,-9.132306724687777599e-01,9.016516714184755754e-01,-7.143596156489868676e-01,9.446646218322706234e-01,-9.897091084128455396e-01,7.712583097137168942e-01,-1.234010103816993720e+00,1.084561096037584660e+00,-7.454662621578225234e-01,1.306876940757468297e+00
-8.555396723624728583e-01,1.020865700695262612e+00,-1.479898154797439691e+00,4.643726400211354299e-01,1.329731127183077621e+00,-3.690003177646126176e-01,5.406898969411223499e-01,-1.184979193522978758e+00,9.292717304811268786e-01,-1.335029014314246254e+00,1.126821622772876452e+00,-9.654748020924813767e-01,1.128019901454161200e+00
-2.001987122411402975e+00,1.343577205850135847e+00,-2.432633878001769112e+00,1.454708927579727029e-01,6.182827535002825003e-01,-1.466888055651551559e+00,3.340904372105152342e-01,-6.145686065186802827e-01,1.316215810836807831e+00,-1.470766355661238256e+00,1.251864363889806375e+00,-7.842205243486904953e-01,1.656205204485030835e+00
-1.240770010768842857e+00,-6.585085601883460260e-01,-7.639591820580278192e-01,-7.391843926531569409e-01,-7.691516927085460809e-02,-1.910421097711476890e-01,-1.531232136180182390e+00,5.289170892620964626e-01,-4.182472294964112991e-01,1.260656245613695492e-01,-5.068996456244306836e-01,5.809568733952293895e-01,-2.086664724276250660e-01
2.818737257888253023e-01,-1.427426904502766991e+00,-7.375517537185908301e-01,-1.018661752667678666e+00,-1.333942496399262434e-01,-1.359369392367588102e-02,-1.260559327433639965e+00,8.227973059103235176e-01,-1.046181900286965671e+00,8.587529532752139483e-01,-8.370861590605103153e-01,9.014594213254909505e-01,-8.488683563092328521e-01
1.191112763992359547e+00,-5.475692296525379588e-01,-1.097204868229323171e+00,1.363590605834837488e+00,-3.022850734019217889e-01,2.117307066891526368e+00,-2.000633982459492088e+00,1.922721111846317221e+00,-1.849499797357805564e+00,1.404655808663493488e+00,-1.639381051707288872e+00,1.717622024262419833e+00,-1.714133281900483086e+00
1.050554378380027520e+00,-1.290014828294269167e+00,-1.278930123009130115e+00,-1.774772194196067576e-01,7.929787514693497075e-01,4.676226662437785730e-01,-1.006139319540709565e+00,1.156556755594273733e+00,-1.173865753882861629e+00,1.196564516688302326e+00,-1.077545917680471810e+00,1.043256960917480436e+00,-1.106670010655191216e+00
8.334723271236372799e-01,-5.122744917000705556e-01,-1.636843677388200247e+00,-1.393911396531415159e+00,2.410502377849226718e+00,-3.327289121437260189e-01,-2.148563768540568894e-02,8.699334706552158680e-01,-6.714080424751502074e-02,2.465995437792928568e-01,-7.949633490832569427e-01,2.032872041364468807e-01,-1.809845486281662086e-01
5.763410969624112035e-01,-9.226430013326821777e-01,-2.988708395559494857e+00,-8.338118846033587550e-01,2.641254813157090098e+00,-8.383550548305841454e-01,3.066428729931659491e-01,-1.418661981471924516e-01,7.063394354371026473e-01,-6.575374530718219868e-01,2.891125617647303803e-01,-4.251217194449165016e-01,1.095318417345811923e+00
2.683576311906685219e-01,-3.773275561272935175e-01,-2.634296604378095985e+00,1.498533661973918019e+00,3.217140648932162783e+00,-5.493621776175046101e-01,6.879731994393167849e-01,-5.410506237496740534e-01,9.166356767527336080e-01,-1.050572437898850353e+00,8.542392542409202871e-01,-9.521943056600623567e-01,8.012598333432225939e-01
-1.597173892678936391e-01,-3.203651279778101379e-01,-2.710411303509260073e+00,1.087730626678680590e+00,2.336511011974863994e+00,-1.854799151620386777e+00,1.102862346886212680e-01,-7.814266130462536042e-01,9.866811660937661044e-01,-7.820495209008421211e-01,1.694203737327236725e+00,-6.453393146714903050e-01,1.063682971320486725e+00
-8.415893398089687727e-01,1.208769592271761173e+00,-2.124916779346449403e+00,1.809117602650704537e+00,1.920375629581825061e+00,-1.624607526117992862e+00,2.758491515586151133e-01,-5.632914216918700756e-01,1.016761934651164712e+00,-1.188176620374568060e+00,1.248811438716714184e+00,-9.963872264134552292e-01,1.224626001537843178e+00
-1.990075117974497321e+00,7.343294516098142211e-01,-2.490356629233591246e+00,2.168644435088431965e+00,1.689137341137279646e+00,-1.348125462980215072e+00,1.893539901985673291e-01,-8.256562027404367177e-01,1.250983131532129145e+00,-9.302992967527267121e-01,1.186345693103036281e+00,-1.203535618148790842e+00,1.402276212074851314e+00
-1.213523095064577006e+00,-8.363469087451170791e-01,5.797212853011414480e-02,-3.419283889220242623e-02,-4.618986615204037083e-01,-5.618184580178868515e-02,-1.086868645437012448e+00,6.945276392304203794e-01,-2.808587160387000514e-01,4.441210845164867416e-01,-4.383538786110414698e-01,4.243945395071267446e-01,-2.460894406776252263e-01
2.993282868009116693e-01,-1.359046519396938102e+00,2.988177775100402944e-01,-9.042788681287887709e-01,-7.332947067353163817e-01,4.897006845226496985e-01,-1.026186846337409531e+00,7.630258145748411991e-01,-8.774522819989670763e-01,9.531667178024856302e-01,-9.284425030019022307e-01,1.032362139493149700e+00,-7.342284720347695970e-01
1.209538900697407549e+00,2.984472585450148596e-01,3.570256626351042128e-01,1.040271452722721479e+00,-1.637847648318740301e+00,1.670311178295708521e+00,-2.014849383945620076e+00,1.493320926639451818e+00,-1.989763881534544199e+00,1.596901539437722617e+00,-1.720970362930334563e+00,1.621580620081418900e+00,-1.584221445172141030e+00
1.057071426055982366e+00,-8.011214836989103416e-01,1.040783979974719609e+00,2.625232933102053523e-01,-5.197705364352658286e-01,7.857334440332839343e-01,-1.096632803035414438e+00,7.144877846394034338e-01,-1.203409344457272656e+00,9.614397019289341317e-01,-1.333691929370749207e+00,1.080685220767106047e+00,-1.206974728781881501e+00
8.397403237228379114e-01,-3.407092943056425072e-01,1.745888100715528912e+00,1.111326514169410848e-02,5.234833929224032012e-01,-3.112596464362745730e-01,-4.888224992296243132e-02,-1.170222843886109879e-02,-5.412507828776466079e-01,9.056440730450233956e-02,-6.621356839859950938e-01,1.401907801388903585e-01,-7.509380942077139576e-01
5.793273624449986059e-01,1.888381334354319796e-03,1.043956253360895481e+00,-8.969583578373237220e-02,2.671609805495107071e-01,-9.360960340179637074e-01,6.141679948990654836e-01,-8.113133113699472210e-01,3.832635726523658803e-01,-6.342732057404424362e-01,4.417250212196962567e-01,-6.108255899194853233e-01,2.462223137627289615e-01
2.703615209019627486e-01,6.314984740293633214e-01,8.213598512209329128e-01,2.821975506879211282e-01,4.631914285904991657e-01,-5.333064521371139177e-01,1.315936926506645177e+00,-1.023305705568669399e+00,8.021010825619089291e-01,-7.322329870619621595e-01,8.170962074333952829e-01,-1.089494229667071545e+00,3.206889811019486558e-01
-1.558613155044129006e-01,1.081074268164415431e+00,5.780535005967455398e-01,2.030525296177085326e-01,-2.105102757651807766e-01,-6.473960692424979291e-01,1.286440887054944637e+00,-1.416786869800195525e+00,8.728946626597543501e-01,-1.044068304041117612e+00,7.136493607082025070e-01,-1.352799237562889445e+00,6.835238669128747002e-01
-8.364761273967979971e-01,2.004907154599167907e+00,3.986073098575707574e-01,7.882042124425722163e-01,-4.494850589983905020e-02,-1.023129097687770939e+00,9.908688852580100903e-01,-1.074961797109394990e+00,9.681053721486474473e-01,-1.214621888191687038e+00,8.948411294932577809e-01,-1.385810311791822125e+00,9.308705905721862406e-01
-1.983561904262395759e+00,1.938152254059080981e+00,6.280426694524847420e-02,1.846212731460462164e+00,-2.090206468685012475e-01,-7.379427426047178162e-01,9.536337591196522023e-01,-1.444956108348049773e+00,7.305441408623378763e-01,-1.315614041913591770e+00,9.585843689567420389e-01,-1.351503401071972865e+00,1.060817262178237241e+00
-1.237787928201135035e+00,-5.098992200910685835e-01,6.383646023146857251e-01,1.848272418215286539e-01,-9.720682884409261870e-01,6.895025461026923486e-01,-6.289386925354658597e-01,4.562270669447274912e-02,-8.004511709226408422e-01,3.700431185874546447e-01,-5.777249420209860098e-01,1.723414687703313936e-02,-6.060017483021155060e-01
2.813149771244536912e-01,-6.786110632858796121e-01,8.930318132051350277e-01,-2.743148669543054585e-01,-8.356695635262774147e-01,4.404206643128294463e-01,-9.765719627387375867e-01,6.263888783163991114e-01,-1.135693768878172305e+00,8.005689052312771059e-01,-9.431830624465691315e-01,6.637302136764779981e-01,-1.109717897222173510e+00
1.189242478828692162e+00,-5.416357084837317148e-02,4.909450961589417739e-01,1.233176170168074126e+00,-1.763964850376144922e+00,2.452773110735646966e+00,-1.569782775503501204e+00,1.668280817952138895e+00,-1.746205046282736761e+00,1.708465177459382422e+00,-1.779864464743126540e+00,1.365200770317930745e+00,-1.966918182858923059e+00
1.050085953250975646e+00,-1.008196033520782242e+00,9.537598811887709749e-01,2.211455181184182051e-01,-5.430646229002276115e-01,5.637597969335657044e-01,-9.504703670520932013e-01,9.030853902843006820e-01,-1.110714895223813059e+00,1.179991456485311119e+00,-1.137396877101115589e+00,1.105021032002626136e+00,-1.188340005856047599e+00
8.333968538560719841e-01,-9.204236652074853087e-01,1.496180693665090766e+00,-6.586658830217169136e-01,7.658980563092974980e-02,-5.211383855882592009e-01,-1.731338948098820607e-02,-2.465412496630122741e-01,-3.596755821648868756e-01,4.365680428330463436e-01,-5.007848208459807493e-01,4.275224627442638647e-01,-5.006266581587102138e-01
5.772778467354745535e-01,-3.354354043190149737e-01,7.014027506312642268e-01,-5.421135575166264875e-01,2.697492397420063193e-01,-1.081039219306986654e+00,8.483399745529793812e-01,-6.918113241408083702e-01,4.439978045385605809e-01,-4.041156993558742694e-01,5.785348238507069807e-01,-5.519991452545476296e-01,3.962798040349919670e-01
2.724350821006349399e-01,5.350718725602281456e-01,7.953069265756527173e-01,5.300259675445140317e-01,3.495884279704685738e-01,-5.219802474069745735e-01,1.138355759926712230e+00,-1.080702826944234696e+00,1.013443916467155814e+00,-7.678533356913521679e-01,8.432960140468578336e-01,-8.446714059353742643e-01,5.154212253453325232e-01
-1.495985253429295558e-01,6.542375219889837723e-01,2.739282649598540065e-01,-7.086163441583269440e-02,-6.927465700161672402e-02,-1.002041418869617617e+00,1.154814207604683007e+00,-1.030302996334256704e+00,1.015717887813650799e+00,-9.171172860965103313e-01,1.027591919931189812e+00,-1.130819989511119728e+00,8.861299559571480522e-01
-8.268176059264259470e-01,1.431604184992383955e+00,3.734671422180981804e-01,8.741108865139887163e-01,-1.946049631619146958e-01,-4.787030003752770213e-01,1.172510005356246054e+00,-1.118075139086488701e+00,1.027568002875018482e+00,-1.119496235809184892e+00,9.933051540979713767e-01,-1.096628517996166785e+00,9.989196324261994109e-01
-1.973795267458660962e+00,1.623952111594420877e+00,-2.207823184487672785e-01,1.080135531161274587e+00,-2.344519598797500104e-01,-7.197117566411819212e-01,9.797514233478761270e-01,-1.057080367976932278e+00,1.035328941322109841e+00,-8.084881726702992655e-01,1.250849653529256811e+00,-1.154519126594633738e+00,1.223508964655684261e+00
-1.203490257122468154e+00,-5.068523280444834356e-01,4.409476124185535695e-01,-8.053454551603738132e-01,-1.234303804451829523e+00,3.273528471727733535e-01,-6.887569569745457532e-01,2.259385940331683496e-01,-6.621431292256736434e-01,5.522405969552880434e-01,-4.497919191335243982e-01,1.115212771617360432e-01,-3.540790064505884849e-01
3.039619548020570661e-01,-1.130916872427676800e+00,6.643843726224182289e-01,-4.218413013064714057e-01,-1.052452702635326309e+00,-4.406649197416984826e-02,-8.670189848367459984e-01,9.606661490303654016e-01,-9.273762303479733404e-01,8.459794519004928404e-01,-9.408119143363834480e-01,9.563269258630089364e-01,-7.172521035695570424e-01
1.212000443158321783e+00,-6.574275561399711525e-03,2.987712407272768433e-01,8.334622950140115893e-01,-1.785227538991611018e+00,1.772608919138304095e+00,-1.958798084729087785e+00,1.488209634191092201e+00,-1.806723766948193921e+00,1.812617757514018768e+00,-1.649101233631433017e+00,1.468644838405718689e+00,-1.837276380257413466e+00
1.056802906918841600e+00,-6.994007512484597955e-01,5.990377109408345779e-01,-1.177228445171603077e+00,-5.255960903563530184e-01,1.239699585061044829e+00,-1.101915191524298843e+00,8.463788966265461955e-01,-8.619013563739785777e-01,1.270100718525031924e+00,-1.071515770037648752e+00,1.083150777225998951e+00,-1.461771349571528100e+00
8.391018378622601137e-01,-1.014405524797005409e+00,1.372926107321772449e+00,-1.129920254615589315e+00,9.863336041063323900e-02,-2.409712120912455707e-02,3.584215359468387319e-01,2.146230528918352809e-01,-1.599841973541556439e-01,5.375318002618165725e-01,-4.043632363320697198e-01,2.113405410706606091e-01,-7.942041834069540895e-01
5.791471067428421993e-01,-3.493341939635364324e-01,7.655660110864458412e-01,-9.202292128459561571e-01,3.177592084109416293e-01,-7.042147630248911661e-01,9.431959921127843760e-01,-1.888407162497990066e-01,7.729795083198262029e-01,-3.392095587057530337e-01,6.512386660340810929e-01,-4.154827461985443615e-01,4.088044575178990114e-01
2.738682988093882886e-01,4.840073285118495772e-02,4.559343791957005676e-01,-1.972320652496537263e-01,3.875319088446719795e-01,-7.258961433973266653e-01,1.363993039727961376e+00,-4.716299516468652198e-01,1.083101250718522923e+00,-7.422452088125014447e-01,9.117487025594018801e-01,-6.998315298766710768e-01,9.556298753035500360e-01
-1.449166605993507384e-01,4.618148662195911136e-01,1.432873726695460537e-01,-1.945491470440649366e-04,-3.459225313230575305e-02,-7.256833423462718535e-01,1.145956770151419724e+00,-1.166282602718744510e+00,1.091611645890308457e+00,-1.010376013216853552e+00,9.643723925864549074e-01,-9.421090451506656249e-01,9.724439131241482404e-01
-8.214303434993392994e-01,1.431029278653546566e+00,4.749786605851787080e-02,7.540197914312984917e-01,-1.415145693417807493e-01,-6.979999049942235967e-01,9.791012489911211647e-01,-1.092831590945821940e+00,1.143814082452742076e+00,-1.127081898874189747e+00,9.720842183544663451e-01,-1.214410373563746148e+00,1.031200236488227784e+00
-1.967315616963527525e+00,1.726352002695072496e+00,-5.512073090784771479e-01,9.529862767448057381e-01,-1.887159379365063727e-01,-6.134806729483701648e-01,9.095092275113083602e-01,-1.063683282945759423e+00,1.049597090583144876e+00,-1.159531904431173377e+00,1.082987018947418001e+00,-1.196729168212584904e+00,1.194069682493766882e+00
-1.230593069432969644e+00,-5.594306460017007820e-01,4.223543214753897046e-01,-1.826924500927251671e-01,-9.035184802417064454e-01,6.603646093010470119e-01,-5.600554098694743299e-01,5.042725954119710030e-01,-5.411214539635916809e-01,4.657181601330919740e-01,-4.155644034591386426e-01,1.601830985990833345e-01,-3.614545682501162371e-01
2.828392698622906876e-01,-8.219619469056744787e-01,3.421185877813270881e-01,-1.171311715956058652e+00,-7.473022218039601094e-01,3.649828710642141760e-01,-1.097860430776147922e+00,8.117340108369998086e-01,-8.362601096066452078e-01,9.311436511482591438e-01,-9.026492108803868542e-01,1.012249544848152993e+00,-7.004412070543143409e-01
1.189854601815668156e+00,8.003590789802329797e-02,2.194003219507773828e-01,1.090364556116222072e+00,-1.265393093243931899e+00,2.662029027426656924e+00,-1.679969222680219199e+00,2.001957701927652433e+00,-1.362739334865712415e+00,1.846370782033824209e+00,-1.634341389287324864e+00,1.657115754987056988e+00,-1.762585455007397384e+00
1.049275592297992388e+00,-1.111094465303664069e+00,4.891209052299851368e-01,-6.909936994746049832e-01,-5.775034057680755728e-01,8.627516591766657417e-01,-7.720518038965423768e-01,1.243910110283300785e+00,-8.625270627610085450e-01,1.296923101215396779e+00,-8.645154119149250915e-01,1.561337209079487698e+00,-1.037568548481867303e+00
8.328618722564032906e-01,-8.239720483530749151e-01,8.970505120340823701e-01,-8.920049465212074313e-01,9.576005168443034732e-01,3.563520370795993375e-01,-8.590446006814111621e-03,2.089447613326678721e-01,-4.591894650629435581e-02,6.647151678122770191e-01,-3.951138662003155222e-01,1.527615604713546127e-01,-7.377733989676666937e-01
5.756503387045081022e-01,-1.931490845180404980e-01,3.479578968942680373e-01,-3.156311854612446344e-01,9.291702857100306856e-01,-6.618765528178245372e-01,5.474125049553293376e-01,-5.650677204344527471e-01,6.662280027788545222e-01,-3.495247670822242969e-01,6.541680940662611965e-01,-4.756100315009859636e-01,4.236500674705651615e-01
2.707925832099538077e-01,9.035530509117435383e-01,4.068465185742347612e-01,5.571318930650679402e-01,8.864977454993220318e-01,-8.552220589351066105e-01,7.748305357919648140e-01,-8.992765538015530247e-01,1.031601436577537223e+00,-8.397136696572502501e-01,7.180799329928370112e-01,-8.945623358516664458e-01,8.076642146360597518e-01
-1.440904362274836592e-01,7.545887905646977423e-01,-1.293436417191501098e-01,1.254890688075761263e-01,3.691393418620829703e-01,-7.009911617465878209e-01,1.009009226809775672e+00,-1.157052271772445851e+00,1.074748764279752189e+00,-8.912847976915322379e-01,1.048758507796668127e+00,-1.115588683943656623e+00,9.565923125661912607e-01
-8.155257308104866265e-01,1.930687244341413145e+00,7.904068715306321324e-02,7.831133929048049724e-01,2.328840962983950158e-01,-3.130780252896190885e-01,9.504661642386180720e-01,-1.306882930796221087e+00,1.015336701534628405e+00,-1.093165835730538049e+00,8.787174863313403916e-01,-1.205931646008802316e+00,1.176967253876322728e+00
-1.960712819793274608e+00,1.966227289561068403e+00,-4.330802319846184800e-01,9.755480335736607111e-01,-1.020885488201479924e-01,-3.383265357478439928e-01,9.450783598951466580e-01,-1.136159418736413462e+00,1.216854731988774363e+00,-1.015644477748542052e+00,1.035612126651989318e+00,-1.176381040518426291e+00,1.175145714843367717e+00
-1.200962087522253530e+00,-6.422320705425230702e-01,1.953510108197518691e-01,-9.247403693775018141e-01,-1.178914538477829899e+00,3.755169311207361416e-01,-5.176481260046739141e-01,3.647463335913376792e-01,-6.604016999095971840e-01,5.927285966330630984e-01,-3.331764363851668631e-01,2.397664242290410974e-01,-3.143777853386168220e-01
3.034890272714072523e-01,-7.627215443093342540e-01,5.639419477627458654e-01,-1.031409714737895333e+00,-9.894384601230784559e-01,5.150202179625515964e-01,-5.956291726583838875e-01,8.608187581490932549e-01,-1.142369658312169411e+00,9.057835186034136621e-01,-7.000758727396324543e-01,1.042669876659971351e+00,-9.164578487752290670e-01
1.211970907248521412e+00,1.300026485013261734e-01,3.746212169037772544e-01,6.908489318101177501e-01,-1.942646849917459395e+00,2.137016020678008665e+00,-1.603790163051868722e+00,1.823358607913039942e+00,-1.695398388268344769e+00,1.764898520380349112e+00,-1.560339274177181546e+00,1.640196773697182753e+00,-1.734552404679062354e+00
1.058816139904895648e+00,-4.960364932071763544e-01,8.457538852227765025e-01,-8.731138630385179011e-01,-6.280827883399568989e-01,1.433604946035591743e+00,-7.336786673546559223e-01,1.115869567976720989e+00,-9.563665785610560022e-01,9.845185811087285854e-01,-1.306962185406995713e+00,1.048028732623465409e+00,-1.228482854219775433e+00
8.396354252717324052e-01,-8.635262282766624775e-01,1.369920423489024097e+00,-1.023936764151493151e+00,4.396677270988308406e-01,1.238064116408159193e-01,1.219227532077129944e-01,3.684300137682569032e-01,6.317065506015992482e-02,3.744475718539621578e-01,-6.714915718909925113e-01,2.599667316923142124e-01,-6.651515729176576963e-01
5.801510437761836503e-01,2.190656307151217230e-01,8.683896384215737951e-01,-1.131366501912437705e+00,1.742080723628657013e-01,-3.408583582525204214e-01,6.768807037035207141e-01,-7.423273816006125125e-01,7.442910492760138608e-01,-3.403669874045698318e-01,4.164259642360731983e-01,-5.467394635866066332e-01,4.735219524428749271e-01
2.738639032004017149e-01,9.300129742165667013e-01,6.760502769044010041e-01,-1.468808539887027087e-01,1.746531526540433810e-01,-6.668318141556408563e-01,1.348462928172946329e+00,-8.004041055767295854e-01,7.732840318691700521e-01,-9.039237440787920574e-01,6.928207143782649791e-01,-9.890418148993040948e-01,6.051678314126969216e-01
-1.433915345670041808e-01,9.139173585100393016e-01,2.148596993796031140e-01,1.037106334882223341e-01,1.823939833581941228e-01,-9.113324417980128711e-01,9.398291117799769667e-01,-1.212647584541412860e+00,9.536254700511208604e-01,-1.075699780431438324e+00,8.787502655017342956e-01,-1.108325479231240918e+00,7.362543113472980183e-01
-8.157170828323391243e-01,1.774584336194317435e+00,2.716603305011500713e-01,9.397130072161913317e-01,-1.764539853314553083e-02,-3.322425650344538184e-01,1.183390724051410547e+00,-1.081047969959292310e+00,9.684699484037452288e-01,-1.216225581076616047e+00,1.112872213677960742e+00,-1.139450212835026566e+00,1.025971314633902898e+00
-1.957333412287822760e+00,2.147748162864103083e+00,-1.613938280427607841e-01,1.032958324489365420e+00,-4.597098366345838683e-01,-9.628974227236413164e-01,9.118488491690369679e-01,-1.205322304869495653e+00,7.697336071201275054e-01,-1.274167632383148563e+00,1.163202763668083728e+00,-1.321605045270071166e+00,1.195181952842105710e+00
-1.228724988846716215e+00,-4.933662639882706036e-01,4.083045568756996646e-01,-6.172965873434095307e-01,-9.859276759590970274e-01,5.443557997636629953e-01,-6.159619341191573394e-01,4.528430939825348611e-01,-4.803737113846001106e-01,6.550578536746206604e-01,-2.151922722795288900e-01,4.158168502262641897e-01,-1.212795988297711847e-01
2.831306154663153496e-01,-9.747392980313250854e-01,6.959610357041768891e-01,-1.221070066719206704e+00,-1.283150479209542283e+00,7.757166864288007613e-01,-4.680605623991649367e-01,1.006063105105150512e+00,-8.093582925552117446e-01,1.025882857326422926e+00,-7.559209934169116574e-01,1.009347194454121910e+00,-7.593849213089891581e-01
1.190075855564187934e+00,3.319866810791887585e-02,4.074022365054275063e-01,8.350437464837876522e-01,-1.765057440169616632e+00,2.262858002661007450e+00,-1.472308851337319480e+00,1.920627166272771413e+00,-1.626695667396670153e+00,1.770563791151843702e+00,-1.610004261707327355e+00,1.720521192093543039e+00,-1.622955587896810936e+00
1.049500340690632694e+00,-9.601084462887264914e-01,7.058333132437188961e-01,-9.072004311735685222e-01,-7.441355345190413528e-01,1.282666733335617426e+00,-5.771608107815153765e-01,9.739079305615024884e-01,-9.611827367225520558e-01,1.304614925904464373e+00,-1.150227826638509310e+00,1.176156266424276842e+00,-9.651868716991718333e-01
8.324312743834041406e-01,-6.381212590510462190e-01,1.384402610038104831e+00,-1.532231242136127713e+00,3.336276885646687340e-01,6.547543596889888740e-01,4.089354507120888105e-01,-5.481513439213667876e-02,-3.407424870005888451e-01,5.441804513200793059e-01,-4.636090765259036073e-01,2.825330685763867700e-01,-5.920177089875748866e-01
5.752726495478724944e-01,-1.622818887517346320e-01,7.732921094361908665e-01,-1.338306737622395604e+00,-1.249678769140702000e-01,-6.484286436561670364e-01,9.634554513330735315e-01,-6.265423893459516336e-01,5.147478553319136951e-01,-3.316945080028741444e-01,6.682152757404206112e-01,-4.317945211060951749e-01,3.372448078864641596e-01
2.722458301565864325e-01,1.035765553960375396e+00,6.672386013234328228e-01,-2.431650851731901597e-01,4.356750800034224769e-01,-2.422115962898230279e-01,1.300856097797135513e+00,-8.746549218870695031e-01,8.780223018554947911e-01,-6.615263141012786008e-01,1.051635788336687360e+00,-9.831981349441775153e-01,4.917537310565319175e-01
-1.428066145045087942e-01,6.094158898070316521e-01,1.858168935329080895e-01,-6.488469696721308466e-01,-4.941474109800415571e-01,-1.018626314959832246e+00,1.044618762342721219e+00,-1.202253884661916628e+00,9.533636293639298209e-01,-9.695301928330086749e-01,1.131254606928112638e+00,-8.705058488201986577e-01,1.041177323871829374e+00
-8.113204357488419394e-01,1.470041658486642255e+00,2.539548674932419758e-01,8.935353251811070097e-01,-2.541090547373598962e-01,-8.733148221203036465e-01,1.262491473320784596e+00,-9.530007726470862695e-01,1.110550417465716366e+00,-1.011066891826014835e+00,1.079035463768109881e+00,-9.271929707185053715e-01,1.223030254102240422e+00
-1.953035190611610572e+00,1.584785147520806348e+00,-2.739237240154472897e-01,3.809522151307112581e-01,-5.460018197159286490e-01,-5.882549770213677531e-01,1.011358483252009277e+00,-1.063667696672707441e+00,9.307101836618739688e-01,-1.218896328377629956e+00,1.068283402206735788e+00,-1.107040646994944089e+00,1.156011705130133738e+00
-1.194683645379671644e+00,-5.353580521907745915e-01,4.352094646645343623e-01,-5.987085649922633257e-01,-1.211180657713582409e+00,2.648312612549600376e-01,-5.849434528871148009e-01,2.926207837626751407e-01,-7.298116066024856741e-01,4.630977442512780318e-01,-4.763412440473280829e-01,1.801241149452701695e-01,-3.331370603168060662e-01
3.056950369858220662e-01,-1.487651041658213380e+00,2.849310443818799388e-01,-1.295340805973650644e+00,-1.081490778986252455e+00,3.346349400190579138e-01,-6.915467814810114522e-01,1.017672906219604378e+00,-8.498139675549619687e-01,1.039442481598751522e+00,-8.272876170702072596e-01,9.105197650451248848e-01,-7.253744463244002905e-01
1.213435928484908999e+00,-1.079682355555481033e-01,2.519062734815583071e-01,6.154998733301159097e-01,-1.840443032524057498e+00,2.036580203661122912e+00,-1.588372015581970054e+00,1.840390975279311725e+00,-1.777530757829104413e+00,1.672946554049320689e+00,-1.646968894294260188e+00,1.623696017885986498e+00,-1.798993208793862264e+00
1.056515719163827471e+00,-1.507974459381083099e+00,7.243780326236665124e-01,-7.385726592730030848e-01,-9.204384141194087432e-01,7.051170400020264628e-01,-8.976350224838148817e-01,9.071960708686187536e-01,-1.096588985705703845e+00,1.298656909794661862e+00,-9.999505773202344017e-01,1.220054735730524920e+00,-1.037535271785134272e+00
8.389708114374898607e-01,-1.107030742643753785e+00,1.467719149437704873e+00,-6.562813032911085642e-01,7.616135596807002694e-02,-1.294258619703934736e-02,4.001200107729638855e-01,2.105538540966961081e-01,-2.429577788010681139e-01,5.532549666317089221e-01,-3.562340091142516263e-01,3.405294137275659550e-01,-4.548278732253183132e-01
5.801158475543946036e-01,-5.813109048830388259e-01,7.619151495128704266e-01,-1.053725379139542451e+00,-6.791084582897954913e-02,-8.838602557321705300e-01,7.694993189708603243e-01,-5.884390917551155509e-01,6.042639026230272048e-01,-4.386943063262717102e-01,5.535210212722410095e-01,-3.609264746277481839e-01,6.595838633658976935e-01
-2.107793670508834316e-01,7.821872745579396824e-01,6.756323512111614971e-01,9.492697030592943674e-01,-3.241704832327668151e-01,-3.950149528721638159e-01,7.084728163307915105e-01,-6.467267607140123609e-01,6.406837596599300744e-01,-9.149440178631046416e-01,7.868221135772984765e-01,-9.614566517748559527e-01,4.639852327885004568e-01
